word1	word2	anc1	anc2	fsg	bsg	con1	con2	nphon1	nphon2	easiness	index
husband	wife	7.993	8.044	0.885	0.677	5.45	5.8	7	3	29.823	31765
girl	boy	7.848	7.857	0.738	0.701	6.83	6.23	3	2	27.304	27255
king	queen	7.662	6.641	0.772	0.73	5.54	6.38	3	4	25.638	34680
dad	mom	7.399	7.47	0.71	0.759	6.13	6.4	3	3	25.453	16067
cash	money	7.225	9.128	0.814	0.212	6.28	5.77	3	4	25.301	9552
woman	man	8.234	8.917	0.595	0.66	5.68	6.14	5	3	24.106	71293
frame	picture	6.562	7.675	0.811	0.316	6	6.75	4	5	23.891	25600
house	home	9.381	9.296	0.582	0.333	6.21	6.25	3	3	23.881	31492
mother	father	8.289	8.068	0.597	0.706	5.47	5.9	4	4	23.115	40835
dog	cat	7.539	7.508	0.667	0.513	5.75	6.21	3	3	22.16	19186
plasma	blood	6.443	8.186	0.818	0.051	5.08	6.55	6	4	21.516	46989
sand	beach	6.284	7.644	0.717	0.394	6.25	6.08	4	3	21.217	54525
globe	world	6.982	9.433	0.679	0.182	5.57	5.29	4	4	20.551	27449
salt	pepper	6.688	5.796	0.701	0.695	5.69	5.61	4	4	20.467	54476
sister	brother	7.395	7.352	0.538	0.746	5.71	5.91	5	5	19.912	57577
physician	doctor	5.943	7.196	0.804	0.04	6.59	5.75	7	5	19.637	46251
female	male	7.396	7.431	0.552	0.648	6.17	5.48	5	3	19.609	23729
avenue	street	6.261	8.536	0.678	0.096	6.48	5.84	5	5	18.952	3615
infant	baby	5.733	7.667	0.746	0.045	6.76	5.77	6	4	18.632	32611
film	movie	8.11	8.675	0.543	0.195	5.91	5.85	4	4	18.554	24012
silver	gold	6.441	7.097	0.638	0.472	5.36	5.68	5	4	18.173	57332
puppy	dog	5.257	7.539	0.752	0.115	6.34	5.75	4	3	18.117	50140
daughter	son	7.576	7.857	0.444	0.586	6.25	6.38	4	3	18.004	16422
circle	square	6.485	7.463	0.635	0.473	5.14	5.15	5	5	17.963	11236
cap	hat	6.655	6.28	0.709	0.06	6.77	5.97	3	3	17.522	9019
bed	sleep	7.283	7.349	0.638	0.092	6.59	4.74	3	4	16.907	5020
forest	tree	6.62	7.308	0.628	0.034	6.37	6.62	6	3	16.726	25305
leaf	tree	5.67	7.308	0.642	0.162	5.89	6.62	3	3	16.328	35632
leg	arm	6.271	6.94	0.503	0.673	6.04	5.53	3	3	16.23	35849
fuel	gas	6.387	7.217	0.664	0.154	5.47	5.34	5	3	16.22	26254
navy	army	5.945	7.311	0.543	0.5	5.08	6.53	4	4	16.025	41658
photo	picture	6.737	7.675	0.577	0.061	5.88	6.75	4	5	15.949	46208
acre	land	5.537	7.683	0.675	0.02	5.91	6.07	3	4	15.88	472
flight	airplane	7.256	5.602	0.669	0.051	4.68	6.83	4	6	15.412	24590
city	town	9.055	8.392	0.307	0.529	5.41	5.52	4	3	15.286	11294
umbrella	rain	4.754	6.93	0.701	0.038	7	5.77	7	3	15.266	67497
chair	table	6.567	8.65	0.314	0.756	6.12	6	3	5	15.064	10068
pine	tree	5.557	7.308	0.642	0.014	5.88	6.62	3	3	14.999	46599
soil	dirt	6.258	5.631	0.717	0.055	5.7	5.51	3	3	14.964	58953
planet	earth	6.146	7.096	0.606	0.161	5.64	5.77	6	2	14.803	46902
ship	boat	6.335	6.764	0.575	0.126	6.25	6.33	3	3	14.597	56709
bullet	gun	5.288	7.377	0.589	0.096	7	6.08	5	3	14.423	7945
jet	plane	5.9	6.952	0.662	0.035	5.76	5.31	3	4	14.419	33924
weapon	gun	5.984	7.377	0.592	0.024	6.38	6.08	5	3	14.404	70297
professor	teacher	7.209	7.007	0.511	0.074	6.52	6.38	7	4	14.357	49377
seat	chair	6.822	6.567	0.543	0.109	6.79	6.12	3	3	14.341	55573
flesh	skin	5.598	7.039	0.575	0.034	6.9	6.96	4	4	14.304	24531
robin	bird	6.219	6.471	0.633	0.015	6.32	5.77	5	3	14.245	53458
zoo	animal	5.455	7.283	0.649	0.022	5.79	5.65	2	6	14.104	72156
pen	pencil	5.533	4.644	0.594	0.476	5.59	7	3	6	14.031	45636
diamond	ring	5.501	6.742	0.63	0.081	6.21	5.88	6	3	14.012	17809
banner	flag	5.215	6.382	0.687	0	5.8	6.2	4	4	13.937	4325
kid	child	7.304	8.27	0.473	0.111	5.32	5.72	3	4	13.785	34514
illness	sick	6.301	6.941	0.723	0.024	4.05	3.89	5	3	13.73	32125
short	tall	8.154	6.244	0.417	0.696	4.57	4.35	4	3	13.643	56854
branch	tree	6.498	7.308	0.528	0.027	6.06	6.62	5	3	13.631	7138
dark	light	7.433	7.984	0.428	0.371	4.68	5.39	4	3	13.623	16338
person	people	8.567	10.402	0.257	0.115	6.51	5.51	5	5	13.54	45980
road	street	7.88	8.536	0.348	0.314	5.48	5.84	3	5	13.529	53333
trash	garbage	6.182	5.864	0.526	0.456	5.76	5.68	4	6	13.526	66395
nest	bird	5.069	6.471	0.681	0.061	5.46	5.77	4	3	13.482	41936
article	newspaper	8.042	7.273	0.419	0.127	5.82	6.56	7	7	13.477	2874
princess	prince	6.153	6.273	0.547	0.409	5.56	5.03	7	5	13.421	49003
summer	winter	8.187	7.165	0.396	0.372	4.68	5.83	4	5	13.231	62534
stupid	dumb	7.008	6.098	0.593	0.526	3.39	3.36	6	3	13.163	62101
fingers	hands	6.151	7.55	0.459	0.266	6.2	6.03	6	5	13.098	24130
instructor	teacher	5.366	7.007	0.566	0.074	6.45	6.38	9	4	13.097	33074
blouse	shirt	4.22	6.5	0.647	0.135	6.36	6.05	4	3	13.02	6200
adult	child	7.301	8.27	0.459	0.101	4.88	5.72	5	4	12.964	813
sky	blue	6.232	7.63	0.522	0.284	5.32	4.49	3	3	12.942	57822
arrow	bow	5.412	5.613	0.53	0.4	7	5.78	3	2	12.915	2840
sea	ocean	7.343	6.368	0.456	0.291	5.82	5.63	2	4	12.72	55451
mud	dirt	5.384	5.631	0.599	0.276	6.02	5.51	3	3	12.646	41073
camera	picture	6.726	7.675	0.441	0.051	6.23	6.75	5	5	12.611	8771
tea	coffee	6.698	7.121	0.369	0.442	6.05	6.43	2	4	12.605	63932
rock	stone	7.658	7.031	0.269	0.629	6.03	6.32	3	4	12.604	53479
pork	pig	5.412	5.835	0.594	0.106	5.81	6.92	4	3	12.595	47957
unhappy	sad	5.517	7.2	0.738	0.051	3.28	3.52	6	3	12.552	67823
sail	boat	4.875	6.764	0.589	0.134	5.55	6.33	3	3	12.344	54300
breeze	wind	4.852	6.888	0.606	0.122	5.94	5.4	4	4	12.299	7380
oxygen	air	6.238	8.412	0.455	0.142	5.43	5.67	7	2	12.266	44252
donor	blood	5.878	8.186	0.524	0.067	4	6.55	4	4	12.262	19328
hands	feet	7.55	7.518	0.396	0.095	6.03	6.28	5	3	12.16	29380
chef	cook	4.963	6.779	0.622	0.047	6.41	4.91	3	3	12.098	10576
bull	cow	5.762	6.023	0.558	0.097	6.4	6.12	3	2	12.098	7936
thick	thin	6.301	6.368	0.682	0.084	3.77	3.82	3	3	12.098	64782
intelligent	smart	5.684	6.854	0.711	0.195	3	3	10	5	12.058	33214
skeleton	bone	4.22	6.669	0.634	0.054	6.43	5.75	8	3	12.049	57690
cat	mouse	7.508	7.535	0.256	0.543	6.21	6.12	3	3	11.992	9636
taxi	cab	5.298	5.037	0.537	0.386	6.28	6.32	5	3	11.972	63925
rifle	gun	5.106	7.377	0.545	0.06	6.04	6.08	5	3	11.919	53104
cents	dollars	6.492	7.881	0.411	0.287	5.25	5.68	5	5	11.796	9966
guardian	parent	5.67	6.723	0.536	0.063	5.97	6.18	7	6	11.71	28746
thin	fat	6.368	6.933	0.563	0.201	3.82	4.8	3	3	11.673	64837
doctor	nurse	7.196	5.805	0.379	0.547	5.75	5.48	5	3	11.593	19142
steps	stairs	7.257	5.687	0.526	0.146	4.91	5.54	5	5	11.558	61017
entrance	exit	6.402	5.927	0.615	0.101	4.92	4.25	7	5	11.437	21499
construct	build	6.194	7.329	0.607	0.128	3.41	3.93	9	4	11.361	13599
loose	tight	6.103	6.282	0.565	0.436	3.24	4.21	3	3	11.321	37093
enter	exit	6.644	5.927	0.568	0.388	3.15	4.25	4	5	11.303	21462
equation	math	6.353	6.368	0.647	0.012	4.45	3.78	7	3	11.238	21576
clean	dirty	7.142	6.34	0.527	0.288	3.82	4.08	4	4	11.106	11480
sit	stand	7.465	7.506	0.348	0.534	4.33	4.4	3	5	11.047	57593
print	write	6.54	7.694	0.49	0.156	4.64	4.42	5	3	10.985	49047
lemon	lime	5.591	4.92	0.429	0.573	5.98	6.69	5	3	10.976	35937
joke	laugh	6.609	6.509	0.612	0.055	3.48	4.29	3	3	10.852	34074
butter	bread	6.001	6.378	0.364	0.487	6.24	6.18	4	4	10.815	8392
dock	boat	4.927	6.764	0.559	0	5.77	6.33	3	3	10.775	19132
railroad	train	5.263	6.983	0.5	0.045	6.76	5.79	6	4	10.697	50732
envelope	letter	5.82	7.509	0.49	0.068	5.75	5.16	7	4	10.652	21520
judge	court	7.484	8.318	0.291	0.25	6.25	5.05	3	4	10.631	34137
cigarette	smoke	5.844	6.55	0.449	0.323	6.03	5.16	6	4	10.626	11209
brush	hair	5.442	7.737	0.44	0.207	5.66	5.7	4	3	10.608	7744
ballot	vote	5.645	7.757	0.518	0.051	6.29	3.85	5	3	10.576	4163
sheets	bed	5.652	7.283	0.476	0.031	5.46	6.59	4	3	10.53	56564
police	cop	7.885	6.256	0.22	0.534	6.69	6.36	5	3	10.514	47632
sing	song	6.223	7.421	0.456	0.291	4.12	5.04	3	3	10.48	57438
grass	green	6.441	7.775	0.364	0.25	5.93	5.46	4	4	10.45	28199
author	writer	7.442	7.191	0.324	0.263	6.04	5.63	3	4	10.442	3566
cow	milk	6.023	6.64	0.352	0.388	6.12	6.66	2	4	10.43	14548
tent	camp	5.659	7.383	0.459	0.126	5.79	5.69	4	4	10.427	64386
wet	dry	6.209	6.772	0.459	0.495	4.74	3.36	3	3	10.297	70598
pop	soda	7.191	5.288	0.432	0.439	3.85	5.96	3	4	10.285	47818
bloom	flower	5.366	5.841	0.593	0.03	5.28	5.62	4	4	10.277	6166
shop	store	6.979	7.484	0.391	0.177	5	5.44	3	4	10.17	56822
mountain	hill	6.922	7.316	0.265	0.428	6.25	6.02	6	3	10.15	40909
ice	cold	7.256	7.69	0.364	0.098	6.51	4.67	2	4	10.086	31910
bounce	ball	4.927	7.24	0.564	0.06	3.78	6.08	4	3	10.065	6871
lily	flower	4.477	5.841	0.601	0	6.53	5.62	4	4	10.042	36411
link	chain	7.358	7.051	0.4	0.106	4.8	5.85	4	3	10.041	36544
lens	glasses	5.489	5.886	0.553	0.02	5.52	6.02	4	6	9.96	36000
bell	ring	6.503	6.742	0.399	0.101	6.52	5.88	3	3	9.848	5258
inn	hotel	5.198	7.356	0.423	0.02	6.8	6.8	2	5	9.839	32838
push	pull	6.724	6.858	0.397	0.594	4.12	3.4	3	3	9.813	50216
train	track	6.983	7.124	0.327	0.173	5.79	6.59	4	4	9.741	66242
shoes	feet	6.644	7.518	0.329	0.108	6.63	6.28	3	3	9.732	56783
pub	beer	5.165	6.672	0.518	0	6.05	5.83	3	3	9.71	49869
afraid	scare	6.821	5.38	0.604	0.123	3.32	4.07	5	4	9.699	1065
surgeon	doctor	5.257	7.196	0.479	0.04	6	5.75	5	5	9.694	62836
dime	nickel	4.454	4.554	0.527	0.469	5.78	5.84	3	5	9.675	18108
atom	bomb	4.625	6.644	0.586	0	4.77	5.91	4	3	9.659	3284
truck	car	6.542	8.55	0.264	0.111	7	6.35	4	3	9.617	66858
shoes	socks	6.644	5.106	0.307	0.655	6.63	5.46	3	4	9.61	56784
university	college	8.329	8.18	0.257	0.105	5.87	5.35	10	5	9.593	67960
rob	steal	5.886	5.684	0.669	0.072	3.29	3.59	3	4	9.58	53399
seed	plant	5.602	7.493	0.436	0.039	5.9	5.98	3	5	9.564	55760
village	town	7.163	8.392	0.293	0.051	6.69	5.52	5	3	9.564	69074
brain	head	7.752	8.426	0.278	0.082	5.32	5.98	4	3	9.558	7099
cabin	log	5.204	6.562	0.415	0.109	6.96	6.86	5	3	9.512	8501
finger	hand	6.146	8.342	0.268	0.358	6.2	5.6	5	4	9.457	24103
sugar	sweet	6.565	6.946	0.433	0.061	6.35	4.53	4	4	9.391	62386
insect	bug	5.147	5.557	0.488	0.201	5.78	6.4	6	3	9.345	32903
round	square	7.209	7.463	0.394	0.128	4.34	5.15	4	5	9.341	53800
sound	noise	7.827	6.562	0.362	0.147	5.28	5.29	4	3	9.315	59280
atlas	map	4.663	6.964	0.527	0.024	5.74	5.53	5	3	9.252	3260
hawk	bird	4.804	6.471	0.529	0	6.1	5.77	3	3	9.211	29783
dollar	money	6.989	9.128	0.277	0.051	5.68	5.77	4	4	9.21	19204
rat	mouse	6.979	7.535	0.318	0.087	6.11	6.12	3	3	9.195	50995
yacht	boat	4.443	6.764	0.594	0.031	3.35	6.33	3	3	9.182	71818
eagle	bird	5.525	6.471	0.486	0.051	5.63	5.77	4	3	9.123	20299
jail	prison	6.41	7.026	0.261	0.424	5.84	6.62	3	6	9.113	33714
wings	bird	5.652	6.471	0.476	0.035	5.82	5.77	4	3	9.08	71065
employer	boss	5.945	6.837	0.387	0.122	6.04	6.35	6	3	9.048	21185
dune	sand	4.078	6.284	0.568	0.016	5.52	6.25	3	4	9.022	20135
loaf	bread	4.007	6.378	0.552	0.051	5.68	6.18	3	4	8.972	36825
peel	orange	4.956	6.435	0.571	0	4.28	5.74	3	5	8.902	45591
scent	smell	4.585	6.301	0.625	0.029	4.58	4.4	4	4	8.864	55036
abdomen	stomach	3.638	5.935	0.566	0.021	6.83	6.04	7	6	8.855	27
elbow	arm	4.745	6.94	0.476	0	6.94	5.53	4	3	8.841	20768
flu	sick	4.942	6.941	0.585	0.024	4.8	3.89	3	3	8.832	24764
soccer	ball	6.023	7.24	0.424	0.027	5.05	6.08	4	3	8.806	58819
cruise	ship	6.19	6.335	0.449	0.016	5.23	6.25	4	3	8.761	15428
thigh	leg	4.234	6.271	0.518	0.012	6.74	6.04	2	3	8.74	64817
crow	bird	4.745	6.471	0.538	0	5.33	5.77	3	3	8.707	15370
herd	cow	4.625	6.023	0.562	0	5.05	6.12	3	2	8.672	30330
rose	flower	6.893	5.841	0.363	0.248	5.86	5.62	3	4	8.668	53713
corridor	hall	4.868	7.312	0.401	0.103	6.03	6.72	6	3	8.66	14204
laugh	cry	6.509	6.68	0.479	0.116	4.29	4.32	3	3	8.657	35398
ride	horse	6.829	6.486	0.372	0.261	4.14	6.03	3	4	8.652	53047
noisy	loud	5.226	6.078	0.671	0	2.93	3.93	4	3	8.634	42247
highway	road	6.405	7.88	0.345	0.061	5.95	5.48	4	3	8.594	30515
nicotine	cigarette	5.118	5.844	0.525	0	5.63	6.03	7	6	8.593	42154
tub	bath	5.011	5.961	0.493	0.091	5.9	5.9	3	3	8.579	66992
artery	vein	5.493	5.565	0.417	0.326	6.28	5.49	5	3	8.571	2866
jeans	pants	5.911	6.562	0.372	0.136	6.35	6.15	4	5	8.446	33830
ounce	pound	5.204	6.133	0.533	0.115	4.98	4.7	3	4	8.426	43822
sober	drunk	4.852	5.951	0.613	0.035	4.11	4.65	4	5	8.362	58809
injury	hurt	6.455	7.153	0.448	0.042	5.51	3.66	5	3	8.231	32794
orange	juice	6.435	5.916	0.235	0.655	5.74	6	5	3	8.21	43537
student	teacher	7.525	7.007	0.226	0.189	6.38	6.38	7	4	8.169	62028
cattle	cow	5.472	6.023	0.439	0	6.79	6.12	5	2	8.157	9721
lawn	grass	6.073	6.441	0.397	0.087	5.76	5.93	3	4	8.088	35476
property	land	7.195	7.683	0.275	0.041	5.99	6.07	7	4	8.065	49536
ski	snow	5.472	6.957	0.412	0.038	5.77	6.05	3	3	8.015	57709
window	glass	7.033	7.22	0.256	0.144	6.27	6.31	5	4	8.009	71019
tongue	mouth	6.028	6.639	0.383	0.114	6.12	5.47	3	3	8.008	65657
dentist	teeth	5.024	6.146	0.459	0.056	6.03	6.14	7	3	8.006	17200
station	train	7.229	6.983	0.319	0.083	5.48	5.79	6	4	8.004	60803
beast	animal	5.352	7.283	0.4	0.011	6.51	5.65	4	6	7.998	4911
roast	beef	4.852	6.047	0.494	0.085	5.02	6.23	4	3	7.997	53383
monastery	monk	5.447	5.407	0.462	0.095	5.44	6.63	9	4	7.996	40424
beverage	drink	4.787	7.009	0.493	0	5.87	4.95	6	5	7.992	5466
garden	flower	6.991	5.841	0.391	0.036	5.92	5.62	6	4	7.929	26747
dish	plate	5.991	6.649	0.315	0.23	6.77	5.74	3	4	7.906	18661
ape	monkey	4.605	6.038	0.459	0.174	6.4	5.46	2	5	7.885	2403
stream	river	5.953	7.524	0.321	0.118	6.24	5.83	5	4	7.881	61666
flavor	taste	5.7	7.098	0.5	0.024	4.03	4.53	5	4	7.835	24486
cardinal	bird	5.075	6.471	0.471	0	5.79	5.77	8	3	7.825	9257
jury	judge	7.164	7.484	0.25	0.088	6.17	6.25	4	3	7.801	34304
swift	fast	4.977	7.383	0.606	0.016	3.31	2.93	5	4	7.787	63140
stamp	letter	5.308	7.509	0.384	0.088	6.3	5.16	5	4	7.785	60570
key	lock	7.786	5.656	0.255	0.406	6.08	5.02	2	3	7.771	34463
lion	tiger	5.303	6.043	0.362	0.308	6.14	6.07	4	4	7.749	36569
lips	kiss	5.697	6.001	0.432	0	6.5	5.78	4	3	7.71	36597
manager	boss	7.191	6.837	0.284	0.064	6.04	6.35	6	3	7.691	37974
rug	carpet	4.454	5.425	0.468	0.248	6.12	5.68	3	6	7.664	53944
sack	bag	4.443	6.597	0.444	0.11	5.7	6.3	3	3	7.65	54190
trip	vacation	7.343	6.884	0.297	0.419	4.39	4.1	4	7	7.627	66739
knight	armor	4.977	4.407	0.517	0.293	5.44	5.09	3	4	7.62	34868
identical	twin	6.873	6.165	0.429	0.072	3.8	5.58	9	4	7.61	32005
mad	angry	6.425	6.444	0.393	0.52	3.04	3.75	3	5	7.577	37529
moon	sun	6.184	7.349	0.299	0.15	5.68	6.23	3	3	7.555	40618
mall	shopping	6.052	7.257	0.261	0.514	5.94	4.28	3	5	7.547	37902
stadium	football	6.25	7.05	0.375	0.028	5.32	5.75	7	6	7.546	60350
cigar	smoke	4.673	6.55	0.507	0	5.56	5.16	5	4	7.535	11202
ballet	dance	5.434	7.159	0.428	0.081	5.23	4.98	4	4	7.533	4125
pipe	smoke	5.384	6.55	0.419	0.016	6.9	5.16	3	4	7.524	46653
sunrise	sunset	4.22	5.389	0.48	0.297	5.13	6.07	6	6	7.494	62601
gun	shoot	7.377	6.557	0.241	0.417	6.08	4.35	3	3	7.447	28920
leap	jump	5.642	6.363	0.522	0.067	3.8	4.44	3	4	7.443	35692
triangle	square	5.159	7.463	0.432	0.041	5.19	5.15	8	5	7.443	66648
ceiling	roof	5.999	6.324	0.35	0.173	6.02	5.82	5	3	7.403	9821
enemy	friend	6.344	8.167	0.313	0.215	4.88	4.4	5	5	7.349	21262
ceremony	wedding	5.927	6.658	0.439	0.014	4.58	5.54	8	5	7.32	10028
broom	sweep	3.85	5.198	0.504	0.406	6.09	4.18	4	4	7.288	7670
steel	metal	6.36	6.463	0.308	0.121	5.82	6.76	4	5	7.284	60942
sweet	sour	6.946	5.187	0.372	0.405	4.53	4.54	4	3	7.256	63115
storm	rain	6.397	6.93	0.368	0.045	4.92	5.77	5	3	7.231	61467
weed	grass	4.762	6.441	0.449	0.022	5.96	5.93	3	4	7.23	70411
inch	foot	6.129	7.179	0.473	0.02	4.47	3.46	3	3	7.21	32446
cavity	tooth	4.277	4.984	0.543	0.043	5.6	6.15	6	3	7.182	9812
fabric	cloth	5.886	5.69	0.381	0.115	6.55	5.76	6	4	7.18	22753
marsh	swamp	4.615	4.357	0.521	0.088	5.7	6.62	4	5	7.158	38338
hum	sing	6.623	6.223	0.486	0.033	3.74	4.12	3	3	7.118	31561
eternity	forever	4.331	6.637	0.664	0.128	2.95	1.95	7	5	7.097	21768
pond	lake	5.273	7.397	0.351	0.087	6.14	5.7	4	3	7.081	47776
mail	letter	7.838	7.509	0.245	0.142	4.96	5.16	3	4	7.063	37743
knee	leg	5.903	6.271	0.355	0.024	6.78	6.04	2	3	7.007	34811
alarm	clock	5.602	6.219	0.388	0.079	4.86	6.94	5	4	6.993	1442
poker	card	5.037	7.337	0.414	0.061	4.92	5.61	4	4	6.986	47608
sleeve	shirt	4.344	6.5	0.461	0.038	5.61	6.05	4	3	6.958	57950
symphony	orchestra	4.963	5.489	0.477	0.093	5.35	5.79	7	8	6.939	63312
lady	woman	6.92	8.234	0.244	0.048	5.58	5.68	4	5	6.918	35134
cent	penny	5.209	5.501	0.486	0	5.25	5.92	4	4	6.847	9930
climate	weather	6.165	7.339	0.381	0.198	3.98	4.28	6	4	6.799	11643
nose	face	6.342	8.117	0.236	0.11	6.26	5.68	3	3	6.799	42396
bitter	sweet	6.29	6.946	0.435	0.02	4.05	4.53	4	4	6.775	5801
stem	flower	5.881	5.841	0.43	0.012	5.44	5.62	4	4	6.762	60994
log	wood	6.562	6.953	0.279	0.03	6.86	5.81	3	3	6.747	36974
shirt	pants	6.5	6.562	0.269	0.185	6.05	6.15	3	5	6.735	56718
butler	maid	5.056	5.13	0.435	0.106	6.16	6.25	5	3	6.73	8367
rough	smooth	6.332	6.271	0.352	0.416	4.48	3.91	3	4	6.71	53783
brook	stream	4.078	5.953	0.462	0.077	5.97	6.24	4	5	6.69	7664
mall	shop	6.052	6.979	0.342	0.091	5.94	5	3	3	6.647	37901
reef	coral	4.511	4.949	0.4	0.377	6.41	5.69	3	5	6.631	51637
velocity	speed	5.024	6.887	0.559	0.02	3.32	3.56	8	4	6.612	68834
calendar	date	5.756	7.575	0.305	0.063	6.48	5.38	7	3	6.609	8677
candy	sweet	5.7	6.946	0.336	0.162	6.56	4.53	5	4	6.599	8922
foot	shoe	7.179	5.318	0.337	0.321	3.46	5.96	3	2	6.576	25123
lunch	dinner	7.016	7.334	0.269	0.096	5.46	5.38	4	4	6.556	37447
tool	hammer	6.603	5.22	0.402	0.039	5.33	5.77	3	4	6.527	65698
skirt	dress	5.357	7.199	0.295	0.165	6.28	5.91	4	4	6.411	57793
grove	orange	4.868	6.435	0.436	0	5.62	5.74	4	5	6.399	28647
steak	meat	5.366	6.629	0.275	0.181	6.47	6.93	4	3	6.396	60888
core	apple	7.075	6.252	0.304	0.02	4.67	7	3	4	6.384	14105
pot	pan	6.186	6.066	0.286	0.351	5.3	5.74	3	3	6.383	48166
alcohol	beer	7.233	6.672	0.24	0.033	6.87	5.83	7	3	6.381	1462
woods	forest	6.637	6.62	0.237	0.096	6.87	6.37	4	6	6.372	71371
captain	ship	5.609	6.335	0.392	0	5.23	6.25	6	3	6.321	9095
rage	anger	5.743	6.004	0.541	0.042	3.23	3.75	3	4	6.312	50712
buzz	bee	5.308	4.787	0.521	0.039	4.08	5.93	3	2	6.308	8464
shallow	deep	5.529	7.364	0.399	0.307	3.19	3.96	4	3	6.281	56376
timber	wood	4.71	6.953	0.41	0	5.67	5.81	5	3	6.265	65282
height	weight	6.219	7.681	0.371	0.102	3.85	4.35	3	3	6.254	30143
knife	fork	5.979	5.043	0.327	0.37	6.08	5.25	3	4	6.21	34855
crescent	moon	3.951	6.184	0.524	0	4.63	5.68	7	3	6.166	14982
pasture	cow	3.714	6.023	0.469	0.042	6.08	6.12	5	2	6.152	45155
gate	fence	6.382	5.533	0.353	0.094	5.69	5.85	3	4	6.146	26790
ear	hear	6.159	8.049	0.261	0.189	6.26	3.9	2	3	6.091	20310
molecule	atom	6.078	4.625	0.46	0.092	5.38	4.77	8	4	6.069	40365
airplane	fly	5.602	6.85	0.32	0.076	6.83	5.14	6	3	6.033	1415
rattle	snake	3.555	5.328	0.464	0.085	6.6	6.48	5	4	6.014	51047
baseball	bat	7.39	5.533	0.311	0.055	5.75	5.6	6	3	6.009	4520
zipper	pants	4.248	6.562	0.434	0.016	5.48	6.15	4	5	6.008	72110
debt	owe	6.978	5.288	0.46	0.162	4.12	2.92	3	1	5.99	16561
limb	arm	4.868	6.94	0.389	0.018	5.86	5.53	3	3	5.974	36422
skillet	pan	3.871	6.066	0.48	0.027	5.72	5.74	6	3	5.947	57743
hide	seek	6.045	6.731	0.385	0.101	5.45	3.71	3	3	5.922	30450
tools	hammer	6.744	5.22	0.382	0	5.33	5.77	4	4	5.903	65710
bath	shower	5.961	5.966	0.333	0.109	5.9	5.88	3	3	5.9	4649
raw	meat	6.372	6.629	0.336	0.013	3.84	6.93	2	3	5.871	51054
beef	meat	6.047	6.629	0.261	0.06	6.23	6.93	3	3	5.853	5053
lend	borrow	5.004	5.293	0.554	0.41	2.8	2.26	4	4	5.841	35966
spring	summer	7.171	8.187	0.239	0.051	5.12	4.68	5	4	5.805	60109
belly	stomach	4.99	5.935	0.4	0.021	6.04	6.04	4	6	5.794	5269
bass	fish	5.481	7.582	0.32	0.018	5.43	5.84	3	3	5.792	4613
soldier	army	5.649	7.311	0.287	0.027	5.68	6.53	5	4	5.741	58959
gentleman	lady	5.075	6.92	0.329	0.086	6.42	5.58	9	4	5.736	27015
vanilla	chocolate	5.17	6.594	0.359	0.115	5.38	5.72	6	6	5.71	68603
tobacco	cigarette	6.843	5.844	0.298	0.014	6.16	6.03	6	6	5.706	65453
cereal	breakfast	5.481	6.382	0.333	0.054	6.33	5.88	6	8	5.68	10017
sport	football	6.54	7.05	0.303	0.099	4.18	5.75	5	6	5.673	59974
visitor	guest	5.545	5.986	0.365	0.164	5.58	5.15	6	4	5.656	69309
plaque	teeth	4.762	6.146	0.414	0	5.56	6.14	4	3	5.622	46976
station	gas	7.229	7.217	0.241	0.051	5.48	5.34	6	3	5.61	60804
sailing	boat	5.398	6.764	0.359	0.016	4.88	6.33	5	3	5.61	54307
van	truck	6.73	6.542	0.214	0.068	6.2	7	3	4	5.594	68591
desk	chair	6.38	6.567	0.29	0.019	5.79	6.12	4	3	5.568	17472
coat	jacket	6.082	5.72	0.176	0.564	5.83	6.31	3	5	5.568	12016
foot	toe	7.179	4.812	0.235	0.605	3.46	5.96	3	2	5.497	25124
loud	noise	6.078	6.562	0.297	0.34	3.93	5.29	3	3	5.487	37234
geometry	math	5.112	6.368	0.534	0	3.33	3.78	8	3	5.478	27055
venom	poison	4.205	5.342	0.509	0	5.13	5.65	5	5	5.459	68859
burn	fire	6.052	7.748	0.266	0.055	4.81	6.13	3	3	5.443	8204
pun	joke	4.691	6.609	0.575	0	2.65	3.48	3	3	5.401	50049
vessel	ship	5.416	6.335	0.347	0	5.85	6.25	5	3	5.4	68927
blossom	flower	3.989	5.841	0.441	0.018	6.62	5.62	6	4	5.396	6173
moist	wet	4.304	6.209	0.543	0	3.51	4.74	4	3	5.385	40303
toast	bread	5.283	6.378	0.364	0	5.54	6.18	4	4	5.381	65421
fruit	apple	6.323	6.252	0.223	0.154	6	7	4	4	5.379	26179
quiet	loud	6.744	6.078	0.403	0.115	3.7	3.93	5	3	5.379	50429
mob	crowd	5.505	6.632	0.362	0.067	5.1	5.34	3	4	5.353	40244
ranch	horse	5.338	6.486	0.339	0	6.18	6.03	4	4	5.352	50824
boot	shoes	5.209	6.644	0.338	0	5.54	6.63	3	3	5.349	6658
sight	eye	6.45	7.243	0.282	0.087	3.84	6.28	3	1	5.347	57220
smart	dumb	6.854	6.098	0.409	0.21	3	3.36	5	3	5.347	58280
mustache	beard	3.664	4.787	0.446	0.31	5.77	5.68	6	4	5.335	41303
painter	artist	5.278	6.596	0.204	0.437	6.59	5.65	5	6	5.314	44442
pair	two	7.106	5.112	0.456	0.034	3.73	3.79	3	2	5.305	44483
lung	breathe	7.006	5.043	0.362	0.049	5.65	4.78	3	4	5.28	37464
belt	pants	5.775	6.562	0.307	0.011	5.98	6.15	4	5	5.266	5308
minister	priest	7.265	5.768	0.25	0.028	5.75	6.59	7	5	5.236	39864
carriage	horse	4.466	6.486	0.365	0	6.71	6.03	5	4	5.234	9430
dove	bird	4.489	6.471	0.364	0.01	6.9	5.77	3	3	5.222	19499
steel	iron	6.36	6.615	0.224	0.258	5.82	5.47	4	3	5.184	60943
anchor	boat	5.182	6.764	0.325	0	5.91	6.33	4	3	5.165	1970
gem	diamond	4.205	5.501	0.448	0.011	5.65	6.21	3	6	5.113	26920
palace	castle	6.727	6.219	0.258	0.025	5.71	6.5	5	5	5.112	44511
eggs	bacon	6.38	5.226	0.176	0.517	5.79	6.46	3	5	5.096	20657
mist	fog	4.248	4.762	0.5	0.17	4.42	5.44	4	3	5.082	40115
miner	coal	3.401	5.704	0.5	0.051	5.47	5.48	4	3	5.071	39825
monk	priest	5.407	5.768	0.323	0	6.63	6.59	4	5	5.011	40475
rider	horse	4.86	6.486	0.372	0	5.55	6.03	4	4	4.993	53061
linen	sheets	3.689	5.652	0.481	0.028	5.75	5.46	5	4	4.961	36518
pub	bar	5.165	7.428	0.273	0.014	6.05	6.4	3	3	4.927	49870
divorce	marriage	6.107	7.019	0.331	0.198	4.23	3.94	6	5	4.907	19084
ceiling	floor	5.999	7.381	0.218	0.16	6.02	5.47	5	4	4.894	9822
blade	knife	4.868	5.979	0.346	0.122	5.8	6.08	4	3	4.892	5874
pie	apple	6.24	6.252	0.228	0.074	6.09	7	2	4	4.842	46386
couch	chair	5.407	6.567	0.288	0.109	5.74	6.12	3	3	4.788	14297
collar	shirt	4.727	6.5	0.342	0.032	6.09	6.05	4	3	4.768	12246
lip	kiss	5.017	6.001	0.315	0.135	6.5	5.78	3	3	4.75	36584
separate	divide	7.462	5.881	0.382	0.103	3.38	3.36	6	5	4.719	56029
paint	brush	6.489	5.442	0.327	0.011	5.73	5.66	4	4	4.716	44426
stitch	sew	5.011	4.489	0.521	0.039	4.87	4.33	4	2	4.709	61280
throw	ball	6.964	7.24	0.234	0.071	4.05	6.08	3	3	4.697	65101
pumpkin	pie	4.554	6.24	0.35	0.027	6.42	6.09	7	2	4.674	50041
venom	snake	4.205	5.328	0.446	0.012	5.13	6.48	5	4	4.653	68860
hop	jump	4.836	6.363	0.417	0.139	4.41	4.44	3	4	4.64	31148
wave	ocean	6.519	6.368	0.297	0.061	4.68	5.63	3	4	4.633	70204
drawing	art	6.306	8.21	0.238	0.047	5.57	4.36	5	3	4.632	19708
organ	piano	6.304	5.808	0.268	0.091	5.81	6.26	5	5	4.626	43664
fur	coat	5.13	6.082	0.324	0.027	6.69	5.83	2	3	4.61	26409
pool	swim	6.942	5.717	0.274	0.078	6.29	4.85	3	4	4.593	47795
cloud	rain	5.429	6.93	0.307	0.032	5.42	5.77	4	3	4.583	11860
chorus	sing	5.05	6.223	0.421	0.011	5.58	4.12	5	3	4.569	11081
statue	liberty	5.961	5.951	0.338	0.197	6	3.43	5	6	4.544	60830
flush	toilet	4.575	5.493	0.418	0.074	4.43	6.4	4	5	4.481	24807
ball	bat	7.24	5.533	0.19	0.252	6.08	5.6	3	3	4.467	4094
bake	cake	4.771	5.826	0.402	0.033	4.76	6.11	3	3	4.464	4015
meal	dinner	6.304	7.334	0.213	0.088	5.98	5.38	3	4	4.461	38762
cloth	material	5.69	7.406	0.206	0.15	5.76	6.1	4	8	4.45	11812
climb	mountain	6.023	6.922	0.291	0.092	3.67	6.25	4	6	4.428	11673
turtle	slow	4.852	7.025	0.372	0.115	6.4	2.89	5	3	4.421	67203
cry	tears	6.68	5.911	0.217	0.493	4.32	4.69	3	4	4.412	15539
stab	knife	4.489	5.979	0.417	0.019	4.63	6.08	4	3	4.4	60308
radio	stereo	7.375	5.024	0.203	0.125	6.45	6.4	5	6	4.399	50651
thumb	finger	5.333	6.146	0.257	0.141	6.58	6.2	3	5	4.375	65128
dollar	cents	6.989	6.492	0.243	0.033	5.68	5.25	4	5	4.34	19205
height	tall	6.219	6.244	0.394	0.014	3.85	4.35	3	3	4.327	30142
choir	sing	4.949	6.223	0.413	0.028	5.54	4.12	4	3	4.315	11009
limb	tree	4.868	7.308	0.27	0.014	5.86	6.62	3	3	4.311	36423
throat	neck	5.673	6.317	0.288	0.091	5.57	5.83	4	3	4.299	65062
poet	writer	5.924	7.191	0.224	0.051	6.35	5.63	4	4	4.274	47507
cane	sugar	4.625	6.565	0.273	0.079	6.93	6.35	3	4	4.264	8936
employee	employer	6.675	5.945	0.196	0.218	5.78	6.04	6	6	4.223	21176
scales	fish	5.165	7.582	0.291	0.042	4.75	5.84	5	3	4.196	54812
teeth	mouth	6.146	6.639	0.208	0.185	6.14	5.47	3	3	4.193	64123
nun	priest	4.22	5.768	0.331	0.069	6.76	6.59	3	5	4.174	42654
shade	tree	5.318	7.308	0.269	0.041	4.72	6.62	3	3	4.172	56317
tornado	hurricane	4.277	5.572	0.333	0.129	6.4	6.52	7	6	4.157	65836
shorts	pants	5.165	6.562	0.272	0.071	6.18	6.15	5	5	4.123	56872
dough	bread	4.663	6.378	0.31	0.058	6.22	6.18	2	4	4.121	19471
slim	fat	4.99	6.933	0.417	0.033	3.22	4.8	4	3	4.078	58031
velvet	soft	5.215	6.676	0.371	0	5.68	4.1	6	4	4.062	68846
punch	hit	5.71	8.012	0.259	0.054	5.41	4.39	4	3	4.02	50058
kiss	hug	6.001	5.247	0.224	0.411	5.78	5.34	3	3	3.969	34710
button	shirt	5.897	6.5	0.24	0.064	6	6.05	5	3	3.957	8427
lettuce	salad	4.29	5.73	0.278	0.299	5.67	6.83	5	5	3.941	36113
grain	wheat	5.384	5.273	0.365	0.034	5.63	5.55	4	3	3.905	28061
rain	wet	6.93	6.209	0.244	0.081	5.77	4.74	3	3	3.904	50739
orange	fruit	6.435	6.323	0.194	0.174	5.74	6	5	4	3.895	43538
guitar	string	5.501	5.986	0.281	0.063	6.73	5.4	5	5	3.821	28836
mosquito	bite	4.949	5.858	0.362	0.016	6.96	4.32	7	3	3.816	40775
penguin	bird	4.489	6.471	0.327	0	6.47	5.77	7	3	3.815	45660
sky	cloud	6.232	5.429	0.228	0.346	5.32	5.42	3	4	3.81	57823
nails	finger	4.97	6.146	0.285	0	6.96	6.2	4	5	3.804	41436
trail	path	6.107	6.585	0.248	0.17	5.23	4.93	4	3	3.726	66207
stain	spot	5.069	7.37	0.188	0.345	6.25	4.71	4	4	3.72	60421
motor	engine	6.436	6.41	0.195	0.087	6.24	5.88	4	5	3.669	40877
chemistry	science	5.916	7.512	0.329	0.04	3.65	4.14	8	5	3.665	10619
cellar	basement	4.159	6.078	0.287	0.071	6.83	6.83	4	7	3.631	9877
rod	fishing	5.209	6.95	0.251	0.136	6.15	5.05	3	5	3.613	53531
crater	moon	3.892	6.184	0.399	0	5.55	5.68	5	3	3.608	14773
dull	boring	5.338	6.299	0.458	0.142	3.08	2.65	3	5	3.599	20111
ring	finger	6.742	6.146	0.195	0.066	5.88	6.2	3	5	3.591	53202
curve	straight	6.461	7.148	0.285	0.081	4.4	3.89	3	5	3.563	15869
shrimp	fish	5.434	7.582	0.21	0.018	6.25	5.84	5	3	3.558	56984
throw	catch	6.964	7.251	0.234	0.162	4.05	4.02	3	3	3.539	65102
dust	dirt	5.864	5.631	0.284	0	6.67	5.51	4	3	3.519	20189
perfume	smell	4.159	6.301	0.393	0.036	6.03	4.4	6	4	3.501	45860
bang	gun	5.308	7.377	0.276	0.042	4.2	6.08	3	3	3.5	4279
ore	iron	4.443	6.615	0.326	0.035	5.98	5.47	2	3	3.491	43643
scramble	eggs	4.369	6.38	0.372	0.169	3.35	5.79	8	3	3.393	55239
elk	deer	4.852	5.521	0.423	0	5.75	3.96	3	3	3.354	21041
knot	tie	4.007	6.29	0.339	0.095	5.98	5.55	3	2	3.335	34932
knot	rope	4.007	4.984	0.394	0.028	5.98	6.36	3	3	3.314	34931
incense	smell	3.807	6.301	0.453	0	4.88	4.4	6	4	3.301	32434
aspirin	headache	5.298	5.017	0.417	0.218	5.7	2.26	6	5	3.301	3061
throw	toss	6.964	5.226	0.2	0.618	4.05	3.65	3	3	3.298	65103
rabbi	priest	4.963	5.768	0.304	0.028	5.68	6.59	4	5	3.294	50513
pudding	chocolate	4.127	6.594	0.318	0	6.6	5.72	5	6	3.287	49961
satin	silk	3.912	5.704	0.348	0.213	5.9	5.26	5	4	3.275	54639
wire	telephone	5.969	6.92	0.206	0.014	5.81	6.15	3	7	3.249	71109
fly	bug	6.85	5.557	0.223	0.06	5.14	6.4	3	3	3.229	24860
drawer	dresser	4.443	4.111	0.305	0.43	6.31	5.56	4	5	3.2	19699
jewel	diamond	4.522	5.501	0.354	0.011	5.73	6.21	4	6	3.187	33934
sheriff	cop	5.257	6.256	0.254	0	6.34	6.36	5	3	3.167	56641
wool	sheep	5.176	5.642	0.217	0.291	6.02	6.18	3	3	3.145	71396
tennis	racket	6.248	4.094	0.186	0.504	5.54	6.15	5	5	3.124	64338
bird	fly	6.471	6.85	0.212	0.02	5.77	5.14	3	3	3.123	5648
climb	tree	6.023	7.308	0.216	0.068	3.67	6.62	4	3	3.119	11674
gallon	milk	4.796	6.64	0.297	0	4.84	6.66	5	4	3.119	26618
cereal	milk	5.481	6.64	0.204	0.018	6.33	6.66	6	4	3.082	10018
sword	knife	5.124	5.979	0.301	0.051	5.25	6.08	4	3	3.064	63234
frost	snow	4.796	6.957	0.255	0	6.24	6.05	5	3	3.062	26128
launch	rocket	5.951	5.088	0.311	0.069	4.55	6.22	4	5	3.041	35406
lock	door	5.656	7.695	0.2	0.044	5.02	5.95	3	3	3.018	36925
shorts	shirt	5.165	6.5	0.252	0.013	6.18	6.05	5	3	2.977	56873
vegetables	fruit	5.796	6.323	0.208	0.082	6.15	6	9	4	2.976	68794
crook	thief	4.159	4.394	0.459	0.091	5.27	4.83	4	3	2.961	15289
cookie	chocolate	5.303	6.594	0.25	0	6.3	5.72	4	6	2.942	13950
trick	treat	5.951	6.746	0.331	0.108	3.36	3.95	4	4	2.9	66687
chocolate	candy	6.594	5.7	0.196	0.049	5.72	6.56	6	5	2.897	10978
fat	skinny	6.933	5.081	0.228	0.419	4.8	3.67	3	5	2.896	23357
science	biology	7.512	6.402	0.214	0.182	4.14	3.96	5	7	2.895	55107
couch	sofa	5.407	4.564	0.189	0.507	5.74	6.25	3	4	2.887	14299
chip	potato	6.358	5.493	0.188	0.142	5.3	7	3	6	2.86	10890
gorilla	monkey	4.094	6.038	0.353	0	6.16	5.46	5	5	2.829	27847
explode	bomb	4.852	6.644	0.261	0.15	4.92	5.91	7	3	2.823	22472
plead	beg	4.844	4.635	0.493	0.25	3.08	2.96	4	3	2.807	47192
plum	fruit	4.431	6.323	0.299	0	6.18	6	4	4	2.778	47376
coke	drink	5.878	7.009	0.221	0.06	5.68	4.95	3	5	2.776	12198
seafood	shrimp	5.328	5.434	0.245	0.126	6.17	6.25	5	5	2.724	55467
granite	stone	4.852	7.031	0.236	0	5.92	6.32	6	4	2.717	28139
paragraph	sentence	6.286	6.974	0.221	0.099	4.82	4.76	8	7	2.715	44751
crops	corn	5.425	5.673	0.301	0	5.87	5.51	5	4	2.709	15323
anchor	ship	5.182	6.335	0.254	0	5.91	6.25	4	3	2.695	1971
divorce	separate	6.107	7.462	0.284	0.056	4.23	3.38	6	6	2.625	19085
brush	tooth	5.442	4.984	0.277	0.123	5.66	6.15	4	3	2.598	7745
berry	fruit	4.673	6.323	0.298	0	5.56	6	4	4	2.571	5396
bored	tired	5.869	6.678	0.386	0.034	3.18	3.04	4	4	2.564	6729
curtain	window	4.852	7.033	0.189	0.038	6.82	6.27	5	5	2.511	15842
stew	beef	4.22	6.047	0.304	0.048	5.79	6.23	3	3	2.51	61091
flag	pole	6.382	5.389	0.193	0.157	6.2	5.59	4	3	2.484	24345
drum	stick	4.89	6.819	0.25	0	5.81	6	4	4	2.479	19989
remedy	cure	5.004	5.642	0.429	0.056	4.03	3.54	6	4	2.475	52117
birthday	cake	7.079	5.826	0.192	0.087	4.47	6.11	5	3	2.47	5706
labyrinth	maze	3.761	4.905	0.465	0.016	4.86	5.02	7	3	2.441	35059
wings	fly	5.652	6.85	0.231	0.01	5.82	5.14	4	3	2.413	71066
tomato	vegetables	5.398	5.796	0.231	0.025	6.58	6.15	6	9	2.389	65568
lease	rent	4.927	6.753	0.349	0.095	3.67	4.29	3	4	2.388	35748
honey	bee	5.68	4.787	0.235	0.22	5.91	5.93	4	2	2.364	31019
lip	mouth	5.017	6.639	0.228	0.049	6.5	5.47	3	3	2.342	36585
dentist	doctor	5.024	7.196	0.214	0.02	6.03	5.75	7	5	2.329	17201
tick	flea	4.431	5.357	0.256	0.281	5.69	6.12	3	3	2.318	65142
needle	pin	5.425	5.247	0.212	0.289	5.79	5.81	5	3	2.316	41735
foil	aluminum	4.71	5.666	0.314	0.164	5.05	5.19	3	8	2.312	24985
pit	hole	5.303	6.766	0.275	0.016	5.33	4.81	3	3	2.282	46714
sheep	lamb	5.642	5.147	0.162	0.333	6.18	6.24	3	3	2.266	56540
camel	desert	4.727	6.271	0.277	0	5.93	5.9	5	5	2.259	8760
hurricane	storm	5.572	6.397	0.227	0.042	6.52	4.92	6	5	2.259	31732
vegetable	fruit	5.147	6.323	0.22	0	6.76	6	8	4	2.238	68780
banana	fruit	5.142	6.323	0.215	0.065	6.29	6	6	4	2.209	4189
razor	blade	4.263	4.868	0.289	0.236	6.32	5.8	4	4	2.202	51096
ladder	climb	4.868	6.023	0.338	0.047	6.08	3.67	4	4	2.187	35119
engagement	ring	5.922	6.742	0.242	0.081	3.46	5.88	9	3	2.174	21343
string	rope	5.986	4.984	0.228	0.133	5.4	6.36	5	3	2.149	61774
leg	foot	6.271	7.179	0.206	0.061	6.04	3.46	3	3	2.115	35850
bet	gamble	7.122	4.736	0.345	0.16	3.28	3.3	3	6	2.114	5416
mug	beer	4.382	6.672	0.268	0.038	5.72	5.83	3	3	2.099	41097
hint	clue	5.919	5.743	0.344	0.161	3.35	3.71	4	3	2.098	30633
fishing	pole	6.95	5.389	0.205	0.087	5.05	5.59	5	3	2.083	24257
load	heavy	6.107	7.108	0.243	0.076	4.35	4.09	3	4	2.013	36809
picket	fence	3.332	5.533	0.384	0.15	4.46	5.85	5	4	1.99	46322
duck	pond	5.361	5.273	0.243	0.122	5.68	6.14	3	4	1.967	20051
laundry	dirty	5.727	6.34	0.255	0.034	6.1	4.08	6	4	1.949	35423
motion	movement	6.29	7.162	0.229	0.155	3.63	4.03	5	7	1.931	40848
hose	garden	4.682	6.991	0.176	0.132	6.39	5.92	3	6	1.928	31316
mosquito	bug	4.949	5.557	0.232	0.013	6.96	6.4	7	3	1.925	40776
champagne	wine	5.056	6.977	0.184	0.011	6.12	6.4	6	3	1.915	10158
holiday	vacation	6.652	6.884	0.259	0.02	3.6	4.1	6	7	1.855	30887
nails	hammer	4.97	5.22	0.269	0	6.96	5.77	4	4	1.81	41437
shout	yell	4.585	4.905	0.401	0.111	4.6	4.29	3	3	1.806	56922
tractor	trailer	4.007	5.598	0.326	0.034	5.86	5.84	6	5	1.799	66120
oven	stove	5.38	4.963	0.224	0.279	5.45	5.75	4	4	1.779	44050
lettuce	tomato	4.29	5.398	0.292	0.056	5.67	6.58	5	6	1.75	36112
goose	duck	4.304	5.361	0.261	0.162	6.63	5.68	3	3	1.737	27820
towel	dry	4.787	6.772	0.284	0.016	6.83	3.36	4	3	1.734	65999
purple	color	5.73	7.357	0.206	0.154	4.27	4.45	5	4	1.701	50177
bicycle	ride	5.273	6.829	0.23	0.055	6.33	4.14	7	3	1.688	5522
quilt	blanket	4.159	5.209	0.322	0	6.09	6.21	5	7	1.682	50447
glue	sticky	4.248	4.875	0.371	0.185	5.73	3.89	3	5	1.679	27543
vampire	bat	6.468	5.533	0.211	0.071	5.12	5.6	6	3	1.678	68580
beauty	beast	6.678	5.352	0.233	0.079	3.31	6.51	5	4	1.677	4951
dig	shovel	5.743	4.317	0.32	0.127	4.22	5.68	3	5	1.674	17999
snake	bite	5.328	5.858	0.279	0	6.48	4.32	4	3	1.663	58502
dump	garbage	5.447	5.864	0.326	0	3.36	5.68	4	6	1.658	20126
bead	necklace	4.159	4.174	0.384	0.021	5.61	6.12	3	6	1.648	4783
haze	fog	4.394	4.762	0.378	0.045	4.98	5.44	3	3	1.61	29840
fever	sick	5.583	6.941	0.288	0.016	4.37	3.89	4	3	1.587	23782
cowboy	horse	5.198	6.486	0.218	0	5.68	6.03	4	4	1.578	14571
thief	steal	4.394	5.684	0.388	0.089	4.83	3.59	3	4	1.573	64806
vest	jacket	4.19	5.72	0.3	0	5.69	6.31	4	5	1.557	68938
famine	hunger	4.564	5.056	0.452	0	3.71	4.16	5	5	1.554	23137
robber	thief	3.638	4.394	0.361	0.224	6.25	4.83	4	3	1.539	53408
opponent	enemy	5.743	6.344	0.273	0.02	4.3	4.88	7	5	1.539	43461
waist	hip	5.209	6.04	0.202	0.115	5.66	6.08	4	3	1.536	69648
ruin	destroy	5.318	5.951	0.372	0.106	3.08	3.63	4	6	1.501	53956
strawberry	fruit	4.543	6.323	0.217	0	7	6	8	4	1.5	61636
jaw	mouth	4.454	6.639	0.253	0	6.14	5.47	2	3	1.499	33775
vision	sight	6.773	6.45	0.234	0.064	4.27	3.84	5	3	1.499	69281
blush	embarrass	3.912	3.871	0.411	0.22	4.59	0	4	7	1.492	6356
bargain	sale	5.595	6.869	0.317	0.131	2.71	3.6	6	3	1.492	4378
violet	purple	3.611	5.73	0.403	0.052	5.12	4.27	6	5	1.482	69205
envy	jealousy	5.081	4.654	0.513	0.187	2.34	1.77	4	6	1.482	21551
hay	horse	4.736	6.486	0.216	0	6.39	6.03	2	4	1.468	29791
damp	wet	4.382	6.209	0.364	0.027	4	4.74	4	3	1.463	16169
soak	wet	4.489	6.209	0.357	0.027	4.03	4.74	3	3	1.458	58753
pumpkin	halloween	4.554	5.176	0.3	0.186	6.42	4.12	7	7	1.456	50042
pill	medicine	5.257	7.047	0.184	0.06	5.88	5.27	3	7	1.438	46513
lighter	cigarette	5.236	5.844	0.271	0.095	3.91	6.03	4	6	1.431	36343
ribbon	bow	4.575	5.613	0.265	0.041	6.3	5.78	5	2	1.413	52973
soda	coke	5.288	5.878	0.192	0.157	5.96	5.68	4	3	1.398	58886
wage	salary	5.844	6.335	0.229	0.082	4.33	5.23	3	5	1.356	69621
juvenile	delinquent	5.187	3.219	0.356	0.204	0	0	7	10	1.355	34372
prisoner	jail	5.442	6.41	0.177	0.013	6.45	5.84	7	3	1.343	49119
tonic	gin	3.989	4.248	0.304	0.295	0	6.35	5	3	1.339	65670
beverage	soda	4.787	5.288	0.286	0	5.87	5.96	6	4	1.327	5467
cookie	jar	5.303	5.231	0.228	0.082	6.3	5.77	4	3	1.315	13951
jump	rope	6.363	4.984	0.228	0.061	4.44	6.36	4	3	1.308	34207
cocoon	butterfly	3.045	4.369	0.412	0.024	6.13	5.91	5	7	1.307	12123
launch	shuttle	5.951	5.509	0.25	0.014	4.55	5.9	4	5	1.268	35407
hail	rain	4.543	6.93	0.27	0.019	4.26	5.77	3	3	1.267	29034
popcorn	butter	4.635	6.001	0.217	0.018	6.6	6.24	7	4	1.241	47834
beautiful	ugly	7.58	6.031	0.229	0.028	3.89	3.68	8	4	1.233	4944
garlic	bread	5.352	6.378	0.178	0	6.23	6.18	6	4	1.222	26761
razor	sharp	4.263	6.217	0.306	0.03	6.32	4.12	4	4	1.219	51095
pardon	excuse	5.468	6.642	0.348	0.088	2.98	3.05	6	7	1.218	44789
booth	telephone	4.949	6.92	0.188	0.014	5.64	6.15	3	7	1.179	6671
pearl	necklace	5.323	4.174	0.272	0.091	5.85	6.12	3	6	1.146	45534
dirt	sand	5.631	6.284	0.176	0.031	5.51	6.25	3	4	1.144	18285
jelly	jam	4.317	5.024	0.213	0.453	5.3	5.59	4	3	1.142	33871
wagon	wheel	4.82	5.805	0.25	0.021	6.18	5.53	5	3	1.132	69635
edge	cliff	6.898	5.293	0.182	0.104	4.28	5.98	2	4	1.123	20543
reel	rod	3.555	5.209	0.291	0.279	4.85	6.15	3	3	1.089	51646
earthquake	shake	5.549	5.468	0.241	0	6.32	5.1	6	3	1.069	20400
kettle	tea	4.394	6.698	0.223	0	5.93	6.05	5	2	1.061	34450
wasp	sting	4.205	4.7	0.365	0.022	6.33	4.52	4	4	1.047	70098
bake	cook	4.771	6.779	0.252	0.079	4.76	4.91	3	3	1.039	4016
wheat	bread	5.273	6.378	0.189	0.026	5.55	6.18	3	4	1.022	70636
tomb	grave	5.638	5.704	0.236	0.011	5.62	5.27	3	4	1.015	65585
carrot	rabbit	4.718	6.405	0.205	0.022	6.09	6.04	5	5	0.98	9443
cherry	pie	5.081	6.24	0.182	0.076	5.86	6.09	4	2	0.962	10636
herb	spice	4.82	5.147	0.282	0.028	5.54	5.86	2	4	0.938	30313
rush	hurry	6.05	5.05	0.317	0.289	3.46	2.77	3	3	0.932	54135
gorilla	ape	4.094	4.605	0.261	0.185	6.16	6.4	5	2	0.911	27848
sore	hurt	5.081	7.153	0.275	0.012	4.77	3.66	3	3	0.9	59196
crops	farm	5.425	6.603	0.178	0.024	5.87	5.53	5	4	0.9	15324
bug	roach	5.557	4.043	0.154	0.331	6.4	6.42	3	3	0.861	7834
smog	fog	4.443	4.762	0.333	0.05	5.35	5.44	4	3	0.861	58376
term	semester	7.891	5.533	0.207	0.079	3.63	3.88	3	7	0.831	64406
penny	nickel	5.501	4.554	0.262	0.014	5.92	5.84	4	5	0.826	45677
wasp	bee	4.205	4.787	0.304	0.016	6.33	5.93	4	2	0.812	70099
ham	pig	5.147	5.835	0.192	0.028	5.42	6.92	3	3	0.808	29218
violation	ticket	5.609	6.366	0.227	0	2.92	7	8	5	0.789	69139
ash	cigarette	5.352	5.844	0.216	0.02	5.33	6.03	2	6	0.783	2948
phantom	ghost	4.883	5.71	0.405	0.012	2.5	4.25	6	4	0.77	46108
spill	milk	4.7	6.64	0.223	0	4.49	6.66	4	4	0.758	59744
stale	bread	4.078	6.378	0.303	0	3.89	6.18	4	4	0.669	60509
divide	multiply	5.881	4.82	0.253	0.456	3.36	3.55	5	8	0.666	19039
curtain	rod	4.852	5.209	0.213	0.028	6.82	6.15	5	3	0.618	15841
sailor	ship	4.174	6.335	0.222	0	6.13	6.25	4	3	0.609	54318
dancer	ballet	4.956	5.434	0.255	0.076	5.54	5.23	5	4	0.594	16207
bitter	sour	6.29	5.187	0.254	0.115	4.05	4.54	4	3	0.567	5802
bristle	brush	3.296	5.442	0.397	0.011	4.05	5.66	6	4	0.55	7538
pretend	fake	5.642	5.981	0.379	0.028	2.68	2.88	7	3	0.549	48791
barn	horse	4.844	6.486	0.165	0	6.68	6.03	4	4	0.541	4419
meadow	grass	3.951	6.441	0.219	0	6.69	5.93	4	4	0.53	38746
shame	guilt	6.103	5.799	0.345	0	3.4	2.92	3	4	0.517	56386
anxious	nervous	5.476	6.354	0.351	0.062	2.44	3.3	6	5	0.506	2324
bend	break	5.263	7.559	0.274	0.011	3.58	3.52	4	4	0.505	5333
stove	cook	4.963	6.779	0.212	0	5.75	4.91	4	3	0.494	61495
cigar	cigarette	4.673	5.844	0.216	0.082	5.56	6.03	5	6	0.493	11203
heel	shoe	4.466	5.318	0.274	0	5.75	5.96	3	2	0.492	30132
mask	hide	5.442	6.045	0.182	0	6.38	5.45	4	3	0.489	38391
chemist	scientist	3.85	5.838	0.262	0	5.8	6.48	6	8	0.482	10606
barrel	beer	5.017	6.672	0.17	0	6.1	5.83	5	3	0.48	4438
belly	button	4.99	5.897	0.2	0.014	6.04	6	4	5	0.447	5270
wreck	accident	4.984	6.512	0.257	0.054	4.88	4.26	3	8	0.443	71682
ruby	diamond	4.477	5.501	0.25	0.011	5.75	6.21	4	6	0.432	53915
helmet	hat	4.644	6.28	0.206	0	5.98	5.97	6	3	0.411	30212
gravel	rocks	3.932	6.155	0.25	0.013	5.83	6.03	6	4	0.407	28266
ivy	poison	4.718	5.342	0.257	0.054	5.54	5.65	3	5	0.402	33672
nylon	hose	4.489	4.682	0.272	0	6.16	6.39	5	3	0.401	42719
organ	donor	6.304	5.878	0.19	0.063	5.81	4	5	4	0.398	43665
pillow	soft	4.727	6.676	0.236	0.018	6.12	4.1	4	4	0.365	46528
clam	oyster	3.738	3.932	0.285	0.359	5.53	5.69	4	4	0.343	11360
stew	soup	4.22	5.838	0.243	0.018	5.79	6.11	3	3	0.309	61092
fraternity	sorority	3.807	3.584	0.375	0.296	4.2	0	9	7	0.3	25649
maid	servant	5.13	4.477	0.145	0.386	6.25	5.77	3	6	0.28	37702
jeep	truck	4.466	6.542	0.158	0	6.09	7	3	4	0.276	33844
barn	cow	4.844	6.023	0.173	0	6.68	6.12	4	2	0.24	4418
kettle	pot	4.394	6.186	0.234	0.029	5.93	5.3	5	3	0.234	34449
carrots	rabbit	4.407	6.405	0.2	0	6.09	6.04	6	5	0.232	9459
salute	flag	4.22	6.382	0.229	0.041	5	6.2	5	4	0.231	54486
shield	protection	5.024	7.169	0.243	0.021	5.13	3.49	4	9	0.226	56648
rag	cloth	4.466	5.69	0.245	0.03	5.69	5.76	3	4	0.213	50694
peach	fruit	4.394	6.323	0.206	0	6.05	6	3	4	0.194	45455
allergy	sneeze	4.575	3.091	0.407	0.029	4.7	5.51	5	4	0.188	1559
pier	fishing	4.625	6.95	0.205	0	5.76	5.05	3	5	0.184	46434
decay	rot	5.081	4.22	0.364	0.237	3.66	3.54	4	3	0.178	16577
trumpet	instrument	4.277	5.768	0.177	0.074	7	6.25	7	10	0.177	66890
policeman	cop	4.736	6.256	0.156	0	6.69	6.36	8	3	0.168	47651
booze	beer	4.635	6.672	0.181	0	6	5.83	3	3	0.135	6703
copper	penny	5.278	5.501	0.211	0.074	4.98	5.92	4	4	0.135	14051
captive	prisoner	4.174	5.442	0.214	0.123	5.8	6.45	6	7	0.126	9127
catastrophe	disaster	4.554	6.426	0.306	0.095	3.58	4.12	10	7	0.085	9638
cherry	fruit	5.081	6.323	0.168	0	5.86	6	4	4	0.025	10637
slice	pie	5.204	6.24	0.212	0.011	4.23	6.09	4	2	0.024	57987
fries	potato	4.745	5.493	0.142	0.122	6.25	7	4	6	0.008	26025
onion	cry	4.89	6.68	0.209	0	6.16	4.32	5	3	-0.006	43329
ham	eggs	5.147	6.38	0.167	0.047	5.42	5.79	3	3	-0.031	29219
enemy	foe	6.344	4.127	0.197	0.401	4.88	3.65	5	2	-0.064	21263
vodka	drink	4.745	7.009	0.186	0.016	5.72	4.95	5	5	-0.064	69362
toast	butter	5.283	6.001	0.164	0.024	5.54	6.24	4	4	-0.066	65422
spoil	rotten	4.357	4.477	0.447	0	3	4.31	4	5	-0.079	59890
carrot	orange	4.718	6.435	0.18	0	6.09	5.74	5	5	-0.081	9444
sphere	circle	4.443	6.485	0.258	0	4.72	5.14	4	5	-0.092	59664
barn	hay	4.844	4.736	0.189	0.081	6.68	6.39	4	2	-0.107	4417
dig	hole	5.743	6.766	0.186	0.047	4.22	4.81	3	3	-0.108	18000
flour	cake	4.868	5.826	0.176	0	6.39	6.11	4	3	-0.156	24697
pollution	smog	6.365	4.443	0.226	0.116	4.14	5.35	7	4	-0.181	47741
toaster	bread	4.357	6.378	0.197	0	5.66	6.18	5	4	-0.189	65437
wed	marry	4.043	5.707	0.392	0.083	3.43	3.41	3	4	-0.195	70366
elk	moose	4.852	4.29	0.263	0.036	5.75	6.03	3	3	-0.211	21042
skirt	blouse	5.357	4.22	0.199	0.071	6.28	6.36	4	4	-0.221	57794
skinny	thin	5.081	6.368	0.264	0.134	3.67	3.82	5	3	-0.222	57774
baked	potato	5.011	5.493	0.179	0.122	4.35	7	4	6	-0.263	4025
litter	trash	5.094	6.182	0.209	0	4.71	5.76	4	4	-0.266	36707
hungry	starve	5.645	3.638	0.244	0.469	4.24	3.87	6	5	-0.274	31689
treasure	chest	5.215	5.864	0.19	0.049	5.05	5.76	5	4	-0.322	66508
carrot	vegetables	4.718	5.796	0.152	0.117	6.09	6.15	5	9	-0.335	9445
easter	egg	5.088	6.116	0.226	0	4.14	5.79	4	2	-0.373	20443
heroine	hero	4.635	6.535	0.199	0.056	6.25	4.22	6	4	-0.393	30395
stairs	climb	5.687	6.023	0.225	0	5.54	3.67	5	4	-0.411	60457
cowgirl	cowboy	2.996	5.198	0.34	0.056	0	5.68	5	4	-0.413	14581
smell	stink	6.301	4.277	0.167	0.458	4.4	3.9	4	5	-0.448	58336
pumpkin	orange	4.554	6.435	0.164	0	6.42	5.74	7	5	-0.452	50043
rum	liquor	5.342	5.288	0.161	0.042	5.96	6.26	3	4	-0.455	54019
dim	bright	4.852	6.62	0.244	0.057	3.93	4.55	3	4	-0.463	18103
turtle	shell	4.852	5.568	0.179	0.014	6.4	5.93	5	3	-0.476	67204
wicker	basket	3.219	5.043	0.304	0.042	5.84	5.93	4	6	-0.482	70822
polish	shine	5.537	4.718	0.317	0.024	4.18	4.07	5	3	-0.498	47690
slide	slip	6.014	5.635	0.2	0.066	4.93	4.32	4	4	-0.499	58012
playground	swing	4.736	5.994	0.172	0.074	6.5	5.08	8	4	-0.503	47138
trophy	award	4.419	6.373	0.182	0.117	6.29	4.58	5	5	-0.51	66777
thumb	nail	5.333	5.268	0.176	0	6.58	5.6	3	3	-0.51	65129
rinse	wash	4.317	6.184	0.319	0	4	4.2	4	3	-0.538	53215
stomach	ache	5.935	3.638	0.284	0	6.04	4.33	6	2	-0.542	61343
dump	trash	5.447	6.182	0.218	0.013	3.36	5.76	4	4	-0.572	20127
sweater	warm	4.883	6.842	0.169	0	6.78	4	5	4	-0.617	63093
tavern	pub	3.784	5.165	0.259	0	6.18	6.05	5	3	-0.621	63887
warrior	fighter	4.779	5.666	0.221	0.02	5.13	5.67	5	4	-0.631	70012
nest	egg	5.069	6.116	0.174	0	5.46	5.79	4	2	-0.633	41937
straw	hay	5.318	4.736	0.171	0.068	5.91	6.39	4	2	-0.655	61622
pint	milk	4.331	6.64	0.179	0	4.79	6.66	4	4	-0.661	46630
loosen	tighten	3.584	4.007	0.389	0	0	0	5	5	-0.666	37100
three	four	4.078	4.143	0.381	0.105	0	3.57	3	3	-0.695	65005
potatoes	fries	5.288	4.745	0.178	0	6.45	6.25	7	4	-0.706	48204
reef	ocean	4.511	6.368	0.164	0	6.41	5.63	3	4	-0.707	51638
oats	horse	4.127	6.486	0.2	0	5.33	6.03	3	4	-0.719	42811
needle	sew	5.425	4.489	0.224	0.156	5.79	4.33	5	2	-0.736	41734
inn	motel	5.198	4.466	0.186	0	6.8	6.18	2	5	-0.749	32839
swallow	bird	4.663	6.471	0.191	0	4.95	5.77	5	3	-0.767	62980
float	sink	4.804	5.278	0.248	0.034	4.41	5.8	4	4	-0.771	24640
knit	yarn	4.682	4.025	0.203	0.386	4.6	5.82	3	4	-0.782	34880
syrup	maple	4.883	4.682	0.143	0.357	6	5.23	4	5	-0.796	63363
cucumber	vegetables	3.664	5.796	0.214	0	6.49	6.15	8	9	-0.804	15587
skip	hop	5.79	4.836	0.206	0.283	3.85	4.41	4	3	-0.818	57784
disguise	mask	4.718	5.442	0.23	0.048	4.02	6.38	6	4	-0.844	18612
clog	drain	2.996	5.187	0.331	0.083	0	0	4	4	-0.858	11752
diploma	graduation	3.332	4.997	0.36	0.066	0	4.28	7	9	-0.871	18193
double	two	7.204	5.112	0.203	0.041	3.96	3.79	5	2	-0.893	19437
owl	bird	4.06	6.471	0.182	0	6.09	5.77	2	3	-0.895	44191
gourmet	cook	4.682	6.779	0.245	0	3.51	4.91	5	3	-0.95	27876
pest	bug	4.043	5.557	0.284	0	3.62	6.4	4	3	-0.953	46067
fragrance	perfume	3.401	4.159	0.34	0.071	4.83	6.03	8	6	-0.954	25578
poker	chip	5.037	6.358	0.179	0.021	4.92	5.3	4	3	-0.981	47609
jaw	teeth	4.454	6.146	0.158	0	6.14	6.14	2	3	-0.991	33777
wool	sweater	5.176	4.883	0.145	0.054	6.02	6.78	3	5	-1.007	71397
messy	clean	5.03	7.142	0.232	0.061	3.3	3.82	4	4	-1.025	39358
escalator	elevator	3.091	5.13	0.279	0.108	0	6.23	8	7	-1.043	21662
hazard	danger	5.198	6.4	0.279	0	3.38	3.68	5	5	-1.047	29824
shovel	dirt	4.317	5.631	0.225	0	5.68	5.51	5	3	-1.067	56930
hallway	corridor	4.454	4.868	0.16	0.27	5.54	6.03	5	6	-1.069	29187
buddy	pal	5.357	4.489	0.197	0.124	5.45	5.43	4	3	-1.07	7798
oatmeal	breakfast	4.7	6.382	0.171	0	5.16	5.88	5	8	-1.07	42788
coin	penny	5.268	5.501	0.152	0.04	5.7	5.92	3	4	-1.071	12186
fiddle	violin	3.871	4.174	0.279	0.051	5.8	6.13	5	6	-1.092	23848
seafood	lobster	5.328	4.736	0.143	0.135	6.17	5.84	5	6	-1.128	55468
honeymoon	wedding	4.419	6.658	0.18	0.014	5.11	5.54	7	5	-1.129	31028
detergent	soap	4.673	5.624	0.281	0	3.02	5.77	8	3	-1.132	17635
fluffy	soft	4.564	6.676	0.266	0	3.87	4.1	5	4	-1.138	24772
theft	steal	5.088	5.684	0.313	0	3.58	3.59	4	4	-1.148	64631
oatmeal	cereal	4.7	5.481	0.184	0.041	5.16	6.33	5	6	-1.151	42787
toll	booth	5.407	4.949	0.23	0.035	4.14	5.64	3	3	-1.167	65558
cinnamon	spice	4.19	5.147	0.205	0.084	5.95	5.86	7	4	-1.181	11225
fury	anger	5.338	6.004	0.306	0	2.65	3.75	5	4	-1.207	26463
nylon	stocking	4.489	4.304	0.265	0	6.16	5.33	5	6	-1.234	42720
flute	instrument	3.932	5.768	0.183	0.081	5.66	6.25	4	10	-1.242	24824
adjective	noun	4.852	5.421	0.333	0.038	2.92	3.93	7	3	-1.252	675
cabbage	lettuce	3.912	4.29	0.281	0.021	6.07	5.67	5	5	-1.26	8486
strap	belt	3.951	5.775	0.203	0.016	5.87	5.98	5	4	-1.263	61587
cough	sneeze	5.03	3.091	0.209	0.348	5.35	5.51	3	4	-1.267	14321
mule	horse	4.277	6.486	0.165	0.012	5.39	6.03	4	4	-1.272	41107
oven	bake	5.38	4.771	0.212	0.071	5.45	4.76	4	3	-1.313	44052
haul	carry	4.86	7.274	0.226	0.014	3.54	3.93	3	4	-1.319	29693
rouge	blush	4.419	3.912	0.34	0.011	0	4.59	3	4	-1.373	53775
curse	witch	5.505	5.371	0.223	0	4.02	5.28	3	3	-1.375	15813
tense	nervous	5.124	6.354	0.243	0.116	3.61	3.3	4	5	-1.393	64359
medal	award	4.913	6.373	0.17	0.028	5.59	4.58	5	5	-1.408	38947
alert	awake	5.765	5.226	0.222	0.083	3.96	4.4	4	4	-1.421	1481
lodge	cabin	4.82	5.204	0.138	0	6.15	6.96	3	5	-1.435	36938
lemon	sour	5.591	5.187	0.16	0.088	5.98	4.54	5	3	-1.451	35938
warrior	soldier	4.779	5.649	0.186	0.033	5.13	5.68	5	5	-1.454	70013
melt	butter	4.644	6.001	0.194	0.024	4.04	6.24	4	4	-1.471	39135
cement	sidewalk	4.942	5.193	0.138	0.064	6.42	5.93	6	6	-1.487	9908
emerald	diamond	3.85	5.501	0.196	0.022	6.09	6.21	6	6	-1.495	21069
mammal	whale	3.689	5.011	0.212	0.052	6.31	6.23	5	3	-1.496	37920
gentle	soft	5.814	6.676	0.196	0.03	3.18	4.1	6	4	-1.527	26997
slender	thin	4.304	6.368	0.307	0	3.35	3.82	6	3	-1.534	57969
ducks	pond	4.828	5.273	0.173	0	5.68	6.14	4	4	-1.573	20068
carrots	vegetable	4.407	5.147	0.167	0	6.09	6.76	6	8	-1.577	9460
puff	smoke	4.304	6.55	0.24	0	3.63	5.16	3	4	-1.583	49982
brandy	liquor	4.205	5.288	0.193	0	5.91	6.26	6	4	-1.618	7166
cinnamon	toast	4.19	5.283	0.218	0	5.95	5.54	7	4	-1.62	11224
badge	cop	4.043	6.256	0.164	0	5.49	6.36	3	3	-1.633	3955
shield	armor	5.024	4.407	0.223	0.114	5.13	5.09	4	4	-1.634	56649
onion	smell	4.89	6.301	0.162	0	6.16	4.4	5	4	-1.641	43330
tack	thumb	4.317	5.333	0.165	0.054	5.64	6.58	3	3	-1.643	63464
celery	carrot	3.738	4.718	0.216	0.076	6.3	6.09	5	5	-1.644	9849
elevator	stair	5.13	3.555	0.216	0.082	6.23	5.54	7	4	-1.657	20982
porch	swing	5.268	5.994	0.185	0.027	4.27	5.08	4	4	-1.667	47926
champagne	bubble	5.056	5.375	0.163	0	6.12	5.39	6	5	-1.689	10159
saber	sword	2.708	5.124	0.333	0.083	4.61	5.25	4	4	-1.699	54182
swamp	mud	4.357	5.384	0.162	0	6.62	6.02	5	3	-1.702	62997
decay	tooth	5.081	4.984	0.162	0.232	3.66	6.15	4	3	-1.757	16578
raft	float	3.989	4.804	0.261	0.077	5.98	4.41	4	4	-1.804	50677
pavement	sidewalk	4.394	5.193	0.21	0.029	5.08	5.93	7	6	-1.806	45354
sailor	navy	4.174	5.945	0.189	0	6.13	5.08	4	4	-1.818	54319
robe	bath	4.007	5.961	0.181	0	5.74	5.9	3	3	-1.827	53440
burial	funeral	4.942	5.7	0.206	0.014	4.38	5.23	6	7	-1.832	8192
picnic	basket	5.303	5.043	0.154	0.035	5.4	5.93	6	6	-1.838	46364
fable	tale	4.007	6.174	0.295	0.011	4.51	3.39	5	3	-1.84	22746
neat	messy	6.816	5.03	0.215	0.113	3.1	3.3	3	4	-1.854	41671
string	kite	5.986	3.611	0.157	0.138	5.4	5.88	5	3	-1.854	61775
plaque	award	4.762	6.373	0.164	0.021	5.56	4.58	4	5	-1.86	46977
barrier	reef	5.58	4.511	0.144	0	5.82	6.41	5	3	-1.863	4465
maze	puzzle	4.905	5.204	0.181	0.04	5.02	5.81	3	5	-1.892	38710
slab	concrete	4.143	5.981	0.196	0.034	5.06	5.5	4	7	-1.893	57842
hundred	thousand	3.611	4.331	0.354	0	4.19	0	7	6	-1.898	31643
lizard	snake	4.663	5.328	0.148	0.024	5.67	6.48	5	4	-1.899	36789
easter	bunny	5.088	5.273	0.164	0.095	4.14	6.23	4	4	-1.919	20444
ambition	goal	4.997	7.163	0.23	0.013	3.21	3.4	7	3	-1.934	1764
satin	sheets	3.912	5.652	0.203	0.014	5.9	5.46	5	4	-1.941	54640
angle	geometry	6.242	5.112	0.179	0.081	5.19	3.33	5	8	-1.955	2020
dense	thick	5.308	6.301	0.236	0	3.49	3.77	4	3	-1.961	17166
burst	bubble	5.389	5.375	0.209	0.029	3.55	5.39	4	5	-1.972	8245
blubber	whale	2.773	5.011	0.277	0.072	0	6.23	5	3	-1.984	6235
ant	insect	4.431	5.147	0.168	0.063	6	5.78	3	6	-1.995	2225
incorrect	correct	5.412	7.278	0.2	0.061	3.31	2.85	7	5	-2.018	32484
picnic	ant	5.303	4.431	0.175	0.034	5.4	6	6	3	-2.018	46363
celery	vegetables	3.738	5.796	0.169	0	6.3	6.15	5	9	-2.031	9850
chess	checkers	4.745	3.401	0.224	0.26	0	0	3	5	-2.042	10652
wax	candle	5.043	4.248	0.166	0.203	5.47	5.37	4	6	-2.05	70226
oyster	shell	3.932	5.568	0.192	0.014	5.69	5.93	4	3	-2.055	44264
heel	toe	4.466	4.812	0.196	0.014	5.75	5.96	3	2	-2.076	30134
throat	sore	5.673	5.081	0.164	0.014	5.57	4.77	4	3	-2.082	65063
foil	tin	4.71	5.384	0.176	0.027	5.05	5.87	3	3	-2.093	24986
jaw	shark	4.454	4.533	0.199	0	6.14	5.98	2	4	-2.132	33776
hostility	anger	4.86	6.004	0.312	0	2.18	3.75	9	4	-2.133	31396
puddle	mud	3.611	5.384	0.2	0.03	5.91	6.02	5	3	-2.146	49975
knit	sew	4.682	4.489	0.284	0.039	4.6	4.33	3	2	-2.161	34879
binder	folder	3.689	3.989	0.318	0.027	0	0	5	5	-2.177	5593
violet	flower	3.611	5.841	0.222	0	5.12	5.62	6	4	-2.262	69206
deadly	poison	5.497	5.342	0.178	0	3.98	5.65	5	5	-2.291	16482
crumb	cake	3.555	5.826	0.199	0	5.37	6.11	4	3	-2.298	15440
weigh	pound	5.252	6.133	0.2	0	3.54	4.7	2	4	-2.299	70476
rung	ladder	3.178	4.868	0.26	0.055	0	6.08	3	4	-2.301	54063
bloom	blossom	5.366	3.989	0.153	0.072	5.28	6.62	4	6	-2.304	6167
butler	servant	5.056	4.477	0.138	0.098	6.16	5.77	5	6	-2.339	8368
four	five	4.143	3.497	0.395	0.111	3.57	3.53	3	3	-2.352	25525
deaf	blind	4.949	6.045	0.171	0.114	4.29	4.39	3	5	-2.355	16503
gulp	swallow	3.466	4.663	0.283	0.079	0	4.95	4	5	-2.397	28890
cheat	lie	4.828	6.943	0.176	0.121	3.25	4.04	3	2	-2.397	10419
ascend	descend	3.638	4.718	0.262	0.075	0	0	5	6	-2.4	2918
beetle	juice	3.85	5.916	0.152	0	6.15	6	5	3	-2.424	5096
wallet	purse	4.431	4.736	0.144	0.203	5.71	5.64	5	3	-2.424	69801
lobster	crab	4.736	4.615	0.141	0.128	5.84	5.92	6	4	-2.442	36862
lid	jar	4.605	5.231	0.138	0.11	5.55	5.77	3	3	-2.444	36243
triumph	victory	5.753	6.93	0.19	0.014	3.41	2.93	6	6	-2.447	66750
curb	sidewalk	4.984	5.193	0.149	0	5.43	5.93	3	6	-2.483	15733
awareness	alert	6.043	5.765	0.223	0	2.61	3.96	7	4	-2.508	3706
marry	divorce	5.707	6.107	0.189	0	3.41	4.23	4	6	-2.51	38304
socket	plug	3.526	5.263	0.173	0.111	5.9	6	5	4	-2.518	58869
neutron	electron	3.091	5.323	0.2	0.265	0	0	6	8	-2.535	42005
noodles	spaghetti	3.807	4.522	0.235	0.078	5.75	0	6	7	-2.537	42304
cupboard	cabinet	3.526	5.984	0.151	0.048	5.82	6.18	5	7	-2.566	15701
orchestra	violin	5.489	4.174	0.144	0.013	5.79	6.13	8	6	-2.602	43583
whistle	blow	4.394	6.384	0.175	0.034	5.58	3.88	5	3	-2.607	70741
limp	leg	4.094	6.271	0.162	0	4.64	6.04	4	3	-2.607	36478
basket	weave	5.043	4.111	0.21	0.065	5.93	4.45	6	3	-2.612	4581
tack	nail	4.317	5.268	0.181	0	5.64	5.6	3	3	-2.629	63463
brave	courage	5.576	5.451	0.233	0.24	2.76	2.51	4	4	-2.636	7225
convince	persuade	5.927	5.416	0.251	0.158	2.34	2.57	7	6	-2.654	13883
lump	bump	4.407	4.654	0.188	0.041	6.2	5.21	4	4	-2.664	37431
noodles	soup	3.807	5.838	0.15	0.024	5.75	6.11	6	3	-2.69	42305
vapor	steam	4.111	5.455	0.128	0.048	5.93	6.41	4	4	-2.701	68638
disguise	hide	4.718	6.045	0.176	0	4.02	5.45	6	3	-2.706	18613
quiet	noisy	6.744	5.226	0.195	0.029	3.7	2.93	5	4	-2.714	50430
foul	smell	4.82	6.301	0.212	0	3.47	4.4	3	4	-2.724	25475
seasoning	spice	3.871	5.147	0.196	0.035	5.37	5.86	7	4	-2.747	55564
burst	explode	5.389	4.852	0.209	0.07	3.55	4.92	4	7	-2.749	8246
whisper	quiet	4.344	6.744	0.22	0	4.08	3.7	5	5	-2.752	70725
confession	priest	4.812	5.768	0.164	0	3.34	6.59	8	5	-2.773	13277
burglar	thief	3.664	4.394	0.257	0.085	5.58	4.83	5	3	-2.79	8159
organize	neat	5.303	6.816	0.207	0.02	3.15	3.1	7	3	-2.81	43694
bolt	lightning	4.489	4.92	0.176	0.076	5.27	5.42	4	6	-2.843	6512
thaw	freeze	3.761	5.606	0.276	0.056	3.4	4.63	2	4	-2.869	64602
custom	tradition	5.659	6.68	0.19	0.041	2.99	3.09	6	8	-2.898	15949
flexible	bend	5.635	5.263	0.232	0.048	3.27	3.58	9	4	-2.91	24553
scarf	neck	4.304	6.317	0.162	0	4.07	5.83	5	3	-2.925	54970
sincere	honest	4.868	6.436	0.261	0.014	3.04	2.74	6	5	-2.981	57408
molasses	syrup	3.045	4.883	0.255	0.014	0	6	7	4	-2.996	40308
bolt	lock	4.489	5.656	0.164	0.022	5.27	5.02	4	3	-3.003	6513
starch	stiff	3.611	5.283	0.236	0	5.57	4.77	5	4	-3.005	60698
celsius	fahrenheit	3.332	3.871	0.318	0	0	0	7	8	-3.048	9901
caution	danger	5.613	6.4	0.174	0.041	3.15	3.68	5	5	-3.063	9764
choke	cough	4.394	5.03	0.203	0.115	3.88	5.35	3	3	-3.072	11019
crochet	knit	3.526	4.682	0.26	0.095	0	4.6	5	3	-3.08	15257
frustration	anger	5.338	6.004	0.226	0.017	2.74	3.75	10	4	-3.081	26211
heights	tall	5.509	6.244	0.169	0	3.33	4.35	4	3	-3.096	30148
spill	mess	4.7	6.385	0.189	0	4.49	3.75	4	3	-3.114	59745
cello	violin	3.555	4.174	0.235	0.071	0	6.13	4	6	-3.127	9887
haul	pull	4.86	6.858	0.198	0	3.54	3.4	3	3	-3.175	29694
rim	tire	4.466	5.165	0.167	0.034	5.07	5.51	3	3	-3.213	53182
skill	talent	5.687	6.205	0.184	0.09	3.24	2.88	4	6	-3.218	57722
hut	straw	3.932	5.318	0.159	0	5.85	5.91	3	4	-3.226	31799
monarch	ruler	4.159	4.682	0.143	0	6.4	6.37	6	4	-3.244	40401
shake	rattle	5.468	3.555	0.142	0.058	5.1	6.6	3	5	-3.279	56356
shout	loud	4.585	6.078	0.19	0.012	4.6	3.93	3	3	-3.294	56924
jar	jelly	5.231	4.317	0.151	0.021	5.77	5.3	3	4	-3.319	33762
mayonnaise	mustard	3.638	4.369	0.224	0.091	0	5.64	6	6	-3.339	38672
hem	skirt	3.584	5.357	0.188	0.013	4.83	6.28	3	4	-3.346	30286
shout	scream	4.585	5.318	0.204	0.055	4.6	4.16	3	5	-3.353	56923
mildew	mold	2.639	4.71	0.265	0.081	6	4.75	5	4	-3.39	39661
orderly	neat	4.431	6.816	0.216	0	3.84	3.1	6	3	-3.393	43617
destiny	fate	4.956	6.215	0.214	0.261	1.88	2.75	7	3	-3.404	17527
rigid	stiff	5.043	5.283	0.184	0.02	4.07	4.77	5	4	-3.43	53171
weave	sew	4.111	4.489	0.283	0	4.45	4.33	3	2	-3.436	70344
haunt	ghost	4.357	5.71	0.261	0.03	2.63	4.25	4	4	-3.48	29709
crumb	cookie	3.555	5.303	0.158	0.043	5.37	6.3	4	4	-3.523	15441
nausea	vomit	4.407	3.714	0.247	0	0	0	5	5	-3.563	41628
pearl	oyster	5.323	3.932	0.13	0.051	5.85	5.69	3	4	-3.568	45535
razor	shave	4.263	4.159	0.172	0.151	6.32	4.54	4	3	-3.568	51097
pronoun	noun	3.892	5.421	0.274	0.109	2.95	3.93	6	3	-3.579	49482
disgrace	shame	3.871	6.103	0.299	0.091	1.92	3.4	7	3	-3.586	18595
wasted	drunk	5.13	5.951	0.17	0.042	3.02	4.65	6	5	-3.647	70127
ledge	cliff	3.296	5.293	0.193	0.042	4.93	5.98	3	4	-3.67	35834
jelly	toast	4.317	5.283	0.128	0.079	5.3	5.54	4	4	-3.714	33872
quart	pint	3.689	4.331	0.152	0.397	4.93	4.79	5	4	-3.715	50363
myth	legend	5.652	6.114	0.194	0.047	3.18	2.65	3	6	-3.721	41382
snorkel	mask	3.434	5.442	0.122	0	6.51	6.38	0	4	-3.752	58683
sickness	ill	4.174	6.358	0.189	0	4.94	3.49	6	2	-3.756	57154
faucet	sink	3.091	5.278	0.155	0.074	6.2	5.8	5	4	-3.807	23417
crunchy	candy	3.761	5.7	0.143	0	4.66	6.56	6	5	-3.814	15475
whiskey	booze	4.234	4.635	0.141	0.014	6	6	5	3	-3.817	70710
skillet	fry	3.871	4.836	0.235	0	5.72	3.98	6	3	-3.825	57744
dew	wet	3.892	6.209	0.155	0	5.25	4.74	2	3	-3.829	17754
witch	broom	5.371	3.85	0.122	0.063	5.28	6.09	3	4	-3.837	71181
captive	hostage	4.174	4.554	0.156	0	5.8	6.05	6	6	-3.849	9128
minus	subtract	6.153	3.784	0.243	0.178	2.75	2.86	5	8	-3.856	39945
orchard	flower	3.367	5.841	0.152	0	5.78	5.62	5	4	-3.872	43572
gem	jewel	4.205	4.522	0.15	0.066	5.65	5.73	3	4	-3.906	26921
warn	danger	5.215	6.4	0.178	0	3.07	3.68	4	5	-3.916	69966
lash	whip	3.296	5.204	0.188	0.095	0	5.35	3	3	-3.931	35314
snorkel	swim	3.434	5.717	0.155	0	6.51	4.85	0	4	-3.941	58681
burglary	robbery	3.892	4.554	0.224	0.034	0	4.75	6	5	-4	8178
aggravate	annoy	2.398	4.205	0.303	0.041	0	0	7	3	-4.026	1225
stocking	hose	4.304	4.682	0.139	0	5.33	6.39	6	3	-4.031	61311
grief	sorrow	5.361	3.989	0.303	0.027	3.35	2.61	4	4	-4.064	28442
chlorine	bleach	4.127	4.407	0.158	0.021	6.28	5.4	6	4	-4.075	10972
tuxedo	prom	2.708	4.22	0.291	0.013	0	0	7	4	-4.096	67238
scotch	whiskey	4.522	4.234	0.135	0.04	5.71	6	4	5	-4.117	55216
hamburger	bun	4.745	3.714	0.129	0.193	0	5.77	7	3	-4.151	29237
container	tupperware	5.142	3.219	0.168	0.033	6.03	0	7	7	-4.154	13681
rash	itch	4.71	3.784	0.219	0.014	4.92	4.84	3	2	-4.172	50962
chauffeur	limo	3.045	3.829	0.291	0	0	0	4	4	-4.217	10402
maker	creator	5.663	5.063	0.151	0	4.46	3.97	4	6	-4.243	37869
dishwasher	soap	3.714	5.624	0.124	0	5.73	5.77	7	3	-4.289	18712
haunt	scare	4.357	5.38	0.261	0	2.63	4.07	4	4	-4.302	29710
five	six	3.497	3.97	0.301	0.02	3.53	0	3	4	-4.306	24321
beginner	novice	2.89	4.025	0.199	0.283	0	0	6	5	-4.365	5140
bourbon	whiskey	4.143	4.234	0.144	0.051	5.66	6	5	5	-4.38	6932
antidote	poison	3.871	5.342	0.164	0.041	4.3	5.65	7	5	-4.385	2271
diminish	lesson	4.754	6.263	0.19	0	2.56	4.19	7	5	-4.404	18117
tranquil	quiet	4.29	6.744	0.184	0	3.3	3.7	8	5	-4.428	66329
punctuation	grammar	4.466	5.73	0.151	0	5.22	3.98	10	5	-4.445	50079
wary	tired	4.92	6.678	0.182	0	3.09	3.04	4	4	-4.446	70047
blinds	curtains	3.135	4.304	0.217	0.122	0	0	6	6	-4.451	6058
ducks	quack	4.828	2.89	0.233	0	5.68	4.55	4	4	-4.51	20067
mend	sew	3.466	4.489	0.297	0.028	3.54	4.33	4	2	-4.547	39238
trench	ditch	3.367	4.143	0.231	0	5.48	5.28	5	3	-4.55	66613
banker	teller	4.779	3.807	0.127	0.014	6.38	5.55	5	4	-4.551	4317
appliance	stove	3.584	4.963	0.129	0	6.45	5.75	7	4	-4.596	2518
shiny	dull	5.602	5.338	0.171	0	4.07	3.08	4	3	-4.603	56690
graceful	ballet	4.883	5.434	0.153	0.021	3.17	5.23	7	4	-4.61	27973
clarinet	flute	3.219	3.932	0.213	0.049	5.66	5.66	8	4	-4.617	11409
silverware	fork	3.258	5.043	0.203	0	0	5.25	8	4	-4.635	57346
weigh	scales	5.252	5.165	0.156	0	3.54	4.75	2	5	-4.637	70477
lean	skinny	5.743	5.081	0.159	0	3.91	3.67	3	5	-4.638	35670
scold	yell	3.135	4.905	0.32	0	2.95	4.29	5	3	-4.644	55171
mat	rug	4.317	4.454	0.135	0.032	5.02	6.12	3	3	-4.667	38502
pickles	jar	3.664	5.231	0.118	0.021	5.93	5.77	6	3	-4.684	46349
candle	flame	4.248	4.812	0.123	0.016	5.37	5.81	6	4	-4.732	8916
broil	bake	2.708	4.771	0.267	0.047	4.44	4.76	4	3	-4.743	7601
hairspray	sticky	2.833	4.875	0.241	0	6.2	3.89	7	5	-4.777	29083
butterfly	moth	4.369	3.219	0.109	0.267	5.91	5.46	7	3	-4.856	8408
slim	skinny	4.99	5.081	0.213	0	3.22	3.67	4	5	-4.893	58032
snorkel	dive	3.434	5.489	0.135	0	6.51	4.65	0	3	-4.936	58682
seam	stitch	4.174	5.011	0.15	0	5.27	4.87	3	4	-4.951	55516
reap	sow	4.382	3.584	0.244	0.055	3.69	4.86	3	2	-4.951	51248
neutron	atom	3.091	4.625	0.233	0.013	0	4.77	6	4	-4.965	42003
quart	gallon	3.689	4.796	0.174	0.08	4.93	4.84	5	5	-4.984	50362
melody	tune	4.174	5.832	0.15	0	4.28	4.6	6	3	-4.989	39132
seam	sew	4.174	4.489	0.186	0.011	5.27	4.33	3	2	-5.089	55515
fungus	mold	3.871	4.71	0.127	0.087	6.1	4.75	6	4	-5.091	26377
wiggle	worm	3.761	4.868	0.163	0.042	3.83	6.16	5	3	-5.1	70877
shave	beard	4.159	4.787	0.123	0.09	4.54	5.68	3	4	-5.136	56489
thirst	hunger	3.989	5.056	0.179	0.082	4.41	4.16	4	5	-5.14	64934
leak	faucet	5.011	3.091	0.137	0.041	0	6.2	3	5	-5.156	35657
tread	tire	3.611	5.165	0.194	0	3.7	5.51	4	3	-5.161	66478
relish	pickles	4.06	3.664	0.182	0	0	5.93	5	6	-5.178	52075
buckle	shoe	3.497	5.318	0.113	0	5.64	5.96	5	2	-5.179	7781
denial	refuse	5.505	5.817	0.167	0	2.55	3.42	6	6	-5.213	17147
clippers	scissors	3.219	3.784	0.221	0	0	5.92	6	5	-5.219	11710
vomit	puke	3.714	2.398	0.224	0.204	0	0	5	4	-5.237	69486
beware	danger	4.533	6.4	0.187	0	2.38	3.68	5	5	-5.243	5472
camel	hump	4.727	3.466	0.149	0	5.93	0	5	4	-5.268	8762
latch	lock	3.219	5.656	0.147	0	5.41	5.02	3	3	-5.313	35352
cuff	sleeve	4.007	4.344	0.144	0.042	0	5.61	3	4	-5.337	15635
thimble	sew	2.079	4.489	0.295	0	5.18	4.33	6	2	-5.406	64828
shack	hut	4.174	3.932	0.129	0.091	0	5.85	3	3	-5.413	56301
smear	mess	4.382	6.385	0.15	0	3.51	3.75	4	3	-5.417	58315
loaf	lazy	4.007	5.613	0.147	0	5.68	3.46	3	4	-5.439	36826
bran	flakes	3.135	3.738	0.243	0	0	0	4	5	-5.453	7126
sponge	soak	4.007	4.489	0.147	0.086	5.93	4.03	5	3	-5.469	59917
hem	sew	3.584	4.489	0.218	0.011	4.83	4.33	3	2	-5.473	30285
ridicule	laugh	4.078	6.509	0.154	0	3.02	4.29	8	3	-5.512	53073
cactus	prickly	3.367	3.611	0.193	0.137	0	0	6	6	-5.513	8543
antidote	cure	3.871	5.642	0.192	0	4.3	3.54	7	4	-5.524	2270
mutton	lamb	2.89	5.147	0.133	0.024	5.34	6.24	5	3	-5.553	41349
twilight	dusk	4.382	4.127	0.133	0.018	5.77	4.97	6	4	-5.569	67308
temper	anger	4.5	6.004	0.182	0	2.7	3.75	5	4	-5.591	64216
flashlight	bulb	3.738	4.234	0.149	0	0	6.12	7	4	-5.595	24434
pour	spill	5.182	4.7	0.15	0.02	3.47	4.49	3	4	-5.628	48307
gallon	jug	4.796	3.584	0.13	0.02	4.84	5.93	5	3	-5.647	26619
adjective	verb	4.852	5.687	0.181	0.027	2.92	3.17	7	3	-5.651	676
ballerina	dancer	2.89	4.956	0.178	0	0	5.54	7	5	-5.658	4112
spade	shovel	3.367	4.317	0.155	0.021	5.61	5.68	4	5	-5.666	59397
paste	sticky	4.466	4.875	0.126	0	5.9	3.89	4	5	-5.694	45130
knapsack	backpack	2.079	3.611	0.291	0.022	0	0	6	6	-5.701	34795
dagger	sword	2.944	5.124	0.147	0.026	5.72	5.25	4	4	-5.708	16073
cuddle	hug	2.773	5.247	0.196	0.017	4.3	5.34	5	3	-5.715	15594
robbery	theft	4.554	5.088	0.142	0.054	4.75	3.58	5	4	-5.718	53425
crook	robber	4.159	3.638	0.128	0.035	5.27	6.25	4	4	-5.765	15290
lollipop	sucker	3.367	4.543	0.176	0	0	0	7	4	-5.837	37001
orchard	grove	3.367	4.868	0.109	0.048	5.78	5.62	5	4	-5.86	43574
shiver	shake	3.332	5.468	0.142	0.071	4.24	5.1	4	3	-5.886	56736
stocking	sock	4.304	4.007	0.125	0.028	5.33	5.46	6	3	-5.889	61312
polite	rude	5.328	5.298	0.155	0.044	3.3	2.95	5	3	-5.89	47703
amuse	entertain	3.892	4.97	0.15	0.275	3.17	3.93	5	7	-5.897	1867
liar	cheat	4.844	4.828	0.19	0	3.79	3.25	3	3	-5.924	36159
pluck	eyebrows	3.738	4.454	0.136	0.068	0	0	4	5	-5.93	47340
tantrum	temper	3.091	4.5	0.209	0.229	0	2.7	7	5	-5.952	63717
stalk	corn	3.638	5.673	0.127	0	4	5.51	4	4	-5.963	60523
sneaky	sly	3.761	4.19	0.201	0.219	0	2.37	5	3	-5.979	58597
thirsty	hungry	3.989	5.645	0.136	0.052	4.04	4.24	5	6	-5.983	64940
tangy	tart	2.996	3.871	0.211	0.041	0	0	0	4	-5.994	63690
tranquil	calm	4.29	5.852	0.158	0.048	3.3	3.56	8	3	-5.997	66330
cocky	arrogant	3.367	4.644	0.141	0.078	0	0	4	7	-6.008	12101
dragon	dungeon	5.037	2.708	0.092	0.167	5.49	5.58	6	6	-6.028	19622
pickles	sour	3.664	5.187	0.118	0	5.93	4.54	6	3	-6.029	46350
rooster	crow	3.401	4.745	0.113	0.014	6.2	5.33	5	3	-6.038	53677
ace	bandage	5.088	3.296	0.131	0.026	3.78	6.35	2	6	-6.041	357
typhoon	lagoon	3.367	4.663	0.162	0	0	0	5	5	-6.048	67442
zucchini	squash	3.332	4.682	0.149	0.045	0	0	6	5	-6.06	72166
robbery	thief	4.554	4.394	0.135	0	4.75	4.83	5	3	-6.065	53426
diver	scuba	3.332	4.585	0.153	0.041	0	0	4	5	-6.111	19029
napkin	wipe	2.996	5.05	0.148	0.02	5.29	0	6	3	-6.131	41494
riddle	rhyme	3.784	4.466	0.175	0.021	3.95	0	5	3	-6.178	53037
dune	buggy	4.078	3.434	0.135	0.054	5.52	5.58	3	4	-6.211	20136
padding	cushion	3.761	4.159	0.157	0	0	0	5	5	-6.26	44350
iceberg	lettuce	3.526	4.29	0.148	0	0	5.67	5	5	-6.263	31946
jupiter	saturn	4.263	4.111	0.112	0.065	0	0	6	5	-6.268	34294
shag	rug	3.296	4.454	0.123	0.045	0	6.12	3	3	-6.269	56348
pickle	sour	3.401	5.187	0.123	0	5.93	4.54	5	3	-6.274	46335
lapel	collar	2.833	4.727	0.149	0	0	6.09	5	4	-6.284	35284
disturb	annoy	3.892	4.205	0.136	0.034	0	0	6	3	-6.295	18984
energetic	hyperactive	4.673	3.497	0.138	0	0	0	8	9	-6.299	21279
spank	punish	3.135	5.242	0.189	0.1	4.75	3.21	5	5	-6.301	59462
obsession	perfume	5.656	4.159	0.136	0	1.65	6.03	7	6	-6.301	42957
hustle	bustle	3.761	3.932	0.222	0	3.37	0	5	5	-6.326	31789
slum	ghetto	2.773	4.511	0.172	0.127	4.5	0	4	4	-6.346	58215
amateur	beginner	5.182	2.89	0.128	0.033	0	0	5	6	-6.349	1734
clog	shoe	2.996	5.318	0.113	0	0	5.96	4	2	-6.353	11753
slob	messy	2.833	5.03	0.243	0.028	4.42	3.3	4	4	-6.359	58130
inhale	breathe	3.401	5.043	0.183	0.042	3.53	4.78	5	4	-6.386	32765
bandit	thief	3.526	4.394	0.167	0	0	4.83	6	3	-6.403	4262
mushroom	fungus	3.829	3.871	0.091	0.134	0	6.1	6	6	-6.408	41218
barley	oats	3.664	4.127	0.134	0.067	0	5.33	5	3	-6.426	4400
alto	saxophone	4.868	2.89	0.115	0.013	0	6.18	4	8	-6.427	1705
nylons	stockings	2.079	3.738	0.263	0	0	0	6	7	-6.441	42732
adverb	noun	3.434	5.421	0.205	0	3.39	3.93	5	3	-6.509	916
coward	wimp	3.829	3.738	0.157	0.023	0	0	4	4	-6.522	14558
subtraction	minus	4.143	6.153	0.16	0	3.73	2.75	10	5	-6.522	62239
erupt	explode	3.638	4.852	0.118	0.042	0	4.92	5	7	-6.524	21657
tranquil	peaceful	4.29	5.576	0.151	0.053	3.3	3.52	8	6	-6.53	66332
topping	fudge	4.043	4.344	0.116	0	5.27	0	5	3	-6.544	65790
repulsive	disgusting	3.526	4.736	0.189	0	3.28	0	8	9	-6.57	52412
underwear	panty	5.242	3.258	0.108	0	0	0	7	5	-6.572	67713
hoe	rake	2.944	3.784	0.174	0.047	5.25	5.66	2	3	-6.577	30805
wiggle	shake	3.761	5.468	0.122	0.014	3.83	5.1	5	3	-6.589	70878
copier	xerox	2.485	4.443	0.176	0.079	0	0	5	6	-6.607	14038
wimp	nerd	3.738	4.431	0.131	0	0	0	4	3	-6.623	70962
buggy	cart	3.434	4.905	0.108	0	5.58	0	4	4	-6.641	7852
slippers	robe	3.332	4.007	0.118	0.055	5.74	5.74	6	3	-6.644	58091
remorse	guilt	4.625	5.799	0.178	0	2.55	2.92	6	4	-6.664	52153
lick	lollipop	4.745	3.367	0.113	0.041	0	0	3	7	-6.691	36228
philosopher	socrates	4.997	3.219	0.118	0	0	0	8	8	-6.711	46141
socket	wrench	3.526	3.497	0.122	0.031	5.9	5.94	5	4	-6.785	58871
swimmer	diver	3.219	3.332	0.189	0.06	0	0	5	4	-6.788	63167
pastry	doughnut	3.932	3.258	0.147	0	0	5.93	6	5	-6.791	45133
annoy	irritate	4.205	3.367	0.089	0.205	0	0	3	6	-6.804	2153
magnify	enlarge	2.398	3.664	0.235	0	0	0	7	6	-6.81	37670
sermon	preacher	3.871	4.22	0.116	0.034	0	0	5	5	-6.827	56109
teapot	kettle	2.565	4.394	0.155	0.032	0	5.93	5	5	-6.832	63988
slug	snail	3.871	3.871	0.104	0.068	0	5.75	4	4	-6.846	58202
crisp	crunchy	4.644	3.761	0.167	0.043	3.42	4.66	5	6	-6.86	15122
ornament	decoration	3.466	4.357	0.095	0.034	5.69	5.67	8	8	-6.877	43770
seven	eight	2.833	2.773	0.291	0.041	0	3.74	5	2	-6.913	56199
famine	starve	4.564	3.638	0.206	0	3.71	3.87	5	5	-6.93	23138
nerd	dork	4.431	3.912	0.106	0	0	0	3	0	-6.947	41857
dizzy	faint	4.025	4.828	0.141	0.055	3.6	4.46	4	4	-6.994	19095
beware	caution	4.533	5.613	0.144	0.104	2.38	3.15	5	5	-7.039	5473
bran	oats	3.135	4.127	0.145	0.047	0	5.33	4	3	-7.051	7129
flutter	butterfly	3.091	4.369	0.179	0.012	3.45	5.91	5	7	-7.064	24842
blinds	shades	3.135	5.017	0.118	0	0	0	6	4	-7.072	6059
snotty	snob	3.178	3.664	0.217	0.049	0	3.75	0	4	-7.137	58705
adjective	adverb	4.852	3.434	0.152	0.274	2.92	3.39	7	5	-7.15	677
turnip	greens	2.944	5.037	0.123	0	0	0	5	5	-7.19	67191
awe	amaze	4.836	2.485	0.126	0.059	0	0	1	4	-7.209	3740
eyelash	mascara	3.135	3.871	0.167	0	0	0	4	7	-7.261	22717
pluck	feathers	3.738	4.522	0.102	0	0	0	4	5	-7.262	47342
elders	grandparent	4.419	3.045	0.119	0	5.65	0	5	11	-7.267	20788
prohibit	forbid	4.913	4.454	0.161	0.044	2.93	3.44	8	5	-7.272	49406
dishonest	liar	4.234	4.844	0.171	0.063	2.62	3.79	8	3	-7.277	18696
burglary	thief	3.892	4.394	0.112	0	0	4.83	6	3	-7.313	8180
musk	cologne	2.565	3.434	0.25	0	4.11	0	4	5	-7.314	41264
hostess	waitress	3.892	4.304	0.102	0	0	0	6	6	-7.32	31381
bravery	courage	3.497	5.451	0.238	0.082	1.93	2.51	6	4	-7.418	7240
tylenol	headache	3.401	5.017	0.178	0.054	0	2.26	7	5	-7.427	67398
frustrate	annoy	3.045	4.205	0.149	0	0	0	8	3	-7.434	26196
vulgar	rude	4.718	5.298	0.14	0	3.35	2.95	5	3	-7.453	69560
beginner	starter	2.89	5.22	0.106	0	0	0	6	6	-7.475	5142
slimy	goo	3.611	3.97	0.117	0.085	4.61	0	5	2	-7.507	58053
arrogant	snob	4.644	3.664	0.137	0	0	3.75	7	4	-7.509	2818
ivory	tusk	4.625	2.197	0.095	0.104	5.67	5.6	4	4	-7.514	33663
snail	slimy	3.871	3.611	0.13	0	5.75	4.61	4	5	-7.524	58495
trance	hypnotize	3.807	1.386	0.25	0.127	3.6	0	5	8	-7.596	66313
eyebrows	eyelashes	4.454	3.434	0.102	0	0	0	5	6	-7.628	22701
flakes	dandruff	3.738	2.079	0.132	0.229	0	5.42	5	7	-7.639	24368
mist	dew	4.248	3.892	0.103	0.027	4.42	5.25	4	2	-7.662	40116
soot	chimney	2.639	3.892	0.147	0.052	5.51	0	3	5	-7.709	59142
clumsy	klutz	4.454	2.197	0.201	0	3.82	0	6	5	-7.718	11943
daring	brave	4.736	5.576	0.152	0	2.42	2.76	5	4	-7.724	16313
gymnast	athlete	2.944	4.977	0.105	0	0	0	7	5	-7.735	28978
swoon	faint	4.025	4.828	0.14	0	3.26	4.46	4	4	-7.739	63226
quill	scroll	3.219	4.419	0.103	0	5.82	4.95	4	5	-7.756	50442
disbelief	belief	4.174	6.337	0.169	0.068	2.31	1.55	8	5	-7.779	18400
wicker	candle	3.219	4.248	0.095	0	5.84	5.37	4	6	-7.781	70824
plaid	stripe	3.951	3.761	0.133	0.05	4.55	4.56	4	5	-7.813	46820
aroma	scent	3.526	4.585	0.105	0.04	4.93	4.58	4	4	-7.833	2771
adverb	verb	3.434	5.687	0.158	0.027	3.39	3.17	5	3	-7.876	917
stalk	prey	3.638	4.852	0.117	0.02	4	4.63	4	3	-7.921	60524
detach	attach	2.639	4.883	0.088	0.099	0	0	5	4	-7.959	17586
blender	mixer	4.094	3.367	0.111	0	0	0	6	5	-7.994	5984
dinosaur	jurassic	4.19	3.466	0.099	0	0	0	7	7	-8.044	18158
mimic	imitate	4.762	4.143	0.118	0.139	3.18	3.44	5	6	-8.048	39769
ascent	descent	4.143	5.283	0.131	0.079	3.13	2.95	5	6	-8.097	2933
wand	fairy	2.89	4.844	0.122	0.014	0	4.49	4	4	-8.11	69842
mash	squash	3.784	4.682	0.106	0.013	3.53	0	3	5	-8.117	38378
wrench	screwdriver	3.497	3.332	0.087	0.049	5.94	5.54	4	9	-8.14	71692
snuggle	cuddle	2.485	2.773	0.243	0.042	0	4.3	6	5	-8.141	58737
uptight	tense	2.89	5.124	0.124	0.054	0	3.61	5	4	-8.192	68226
blockade	barricade	4.443	2.89	0.107	0	0	0	6	7	-8.21	6099
moist	damp	4.304	4.382	0.116	0.06	3.51	4	4	4	-8.275	40304
scold	punish	3.135	5.242	0.19	0.039	2.95	3.21	5	5	-8.281	55172
decompose	rot	2.639	4.22	0.193	0.013	0	3.54	8	3	-8.295	16725
volt	lightning	2.708	4.92	0.105	0	4.71	5.42	4	6	-8.306	69442
frail	fragile	3.892	5.075	0.14	0.015	3.79	3.08	4	6	-8.309	25586
oregano	spaghetti	2.773	4.522	0.105	0	5.39	0	7	7	-8.316	43652
antlers	horns	2.708	5.03	0.092	0	0	0	6	5	-8.343	2301
holler	scream	3.219	5.318	0.118	0.031	3.85	4.16	4	5	-8.369	30913
traitor	liar	3.714	4.844	0.115	0	4.5	3.79	5	3	-8.375	66274
gymnastics	tumble	3.871	3.738	0.106	0.028	5.08	4.56	10	6	-8.382	28996
briefcase	suitcase	3.332	3.85	0.097	0.057	0	0	7	6	-8.383	7467
voodoo	witchcraft	3.367	3.807	0.113	0	0	0	4	8	-8.419	69504
compulsion	obsession	3.784	5.656	0.208	0	2.54	1.65	9	7	-8.437	12943
toenail	clipper	2.398	3.091	0.2	0	0	0	5	5	-8.453	65484
pail	shovel	2.565	4.317	0.096	0.042	5.27	5.68	3	5	-8.472	44408
handicap	disable	4.382	2.89	0.099	0	0	0	8	7	-8.505	29331
choke	strangle	4.394	3.091	0.128	0	3.88	0	3	8	-8.511	11021
stench	odor	3.332	4.511	0.097	0.017	3.68	5.83	5	3	-8.512	61005
axon	dendrite	4.205	2.197	0.14	0	0	0	5	0	-8.576	3819
foresight	hindsight	3.497	4.111	0.124	0.163	2.28	0	6	7	-8.677	25290
smother	pillow	2.996	4.727	0.094	0	3.63	6.12	5	4	-8.705	58449
cunning	sly	3.761	4.19	0.137	0.082	0	2.37	5	3	-8.718	15674
vaseline	jelly	2.079	4.317	0.144	0	0	5.3	7	4	-8.738	68697
neptune	pluto	2.996	4.111	0.098	0.026	0	0	6	5	-8.748	41842
acorn	nut	2.197	4.673	0.122	0	0	0	5	3	-8.749	451
musty	odor	2.996	4.511	0.108	0	3.76	5.83	5	3	-8.772	41324
hustle	hurry	3.761	5.05	0.159	0	3.37	2.77	5	3	-8.791	31790
kleenex	sneeze	3.555	3.091	0.105	0.029	0	5.51	7	4	-8.793	34785
veal	parmesan	3.401	2.639	0.151	0	5.16	0	3	8	-8.821	68750
honk	beep	2.833	4.344	0.1	0	0	0	4	3	-8.833	31045
fawn	doe	2.079	4.543	0.089	0.027	5.47	5.75	3	2	-8.943	23479
munch	chew	3.296	4.575	0.123	0	4.08	4.32	4	2	-8.98	41144
thaw	melt	3.761	4.644	0.126	0	3.4	4.04	2	4	-8.982	64603
blackberry	blueberry	2.639	3.714	0.129	0.021	0	0	8	7	-8.997	5831
nylons	pantyhose	2.079	2.996	0.191	0.034	0	0	6	8	-8.997	42733
technician	electrician	4.174	2.773	0.092	0.013	0	0	8	10	-9.032	64048
slimy	slippery	3.611	4.585	0.103	0	4.61	3.83	5	6	-9.036	58055
gallop	trot	2.639	3.611	0.144	0.131	0	3.92	5	4	-9.078	26632
stingy	greedy	2.833	4.844	0.137	0	2.91	0	6	5	-9.09	61238
haunt	spook	4.357	2.708	0.207	0	2.63	4.07	4	4	-9.123	29711
pity	sorrow	5.124	3.989	0.123	0.027	3.3	2.61	4	4	-9.132	46772
pushy	bossy	3.045	3.466	0.118	0	0	0	4	4	-9.185	50225
adorn	decorate	3.638	4.078	0.139	0.028	3.35	4.19	5	6	-9.23	790
handkerchief	sneeze	2.485	3.091	0.151	0.014	0	5.51	8	4	-9.242	29341
digger	ditch	2.197	4.143	0.093	0.112	0	5.28	4	3	-9.261	18028
igloo	eskimo	1.946	3.401	0.176	0	0	0	4	6	-9.327	32068
smother	suffocate	2.996	1.946	0.239	0.165	3.63	3.77	5	7	-9.341	58447
bandit	smokey	3.526	3.367	0.09	0	0	0	6	5	-9.352	4264
drapes	blinds	3.219	3.135	0.107	0.033	0	0	5	6	-9.386	19675
disintegrate	dissolve	2.565	4.111	0.079	0.075	0	0	11	6	-9.474	18729
hoot	holler	3.584	3.219	0.136	0	0	3.85	3	4	-9.528	31136
antlers	reindeer	2.708	3.829	0.099	0.02	0	0	6	6	-9.54	2300
nomad	wanderer	2.833	2.197	0.178	0	0	0	5	6	-9.546	42255
nauseous	vomit	2.398	3.714	0.127	0	0	0	5	5	-9.558	41637
electrician	plumber	2.773	3.951	0.092	0	0	0	10	5	-9.63	20850
asteroid	meteor	3.584	2.398	0.107	0.055	0	0	6	5	-9.636	3184
casket	coffin	3.135	4.277	0.1	0	3	5.91	6	5	-9.652	9573
tutu	ballerina	3.091	2.89	0.109	0.055	0	0	4	7	-9.658	67228
ten	twenty	3.091	2.708	0.14	0	4.92	0	3	6	-9.667	64258
aggravate	irritate	2.398	3.367	0.125	0.048	0	0	7	6	-9.677	1226
curiosity	nosy	5.193	2.833	0.112	0	1.98	0	10	4	-9.73	15762
musk	odor	2.565	4.511	0.081	0	4.11	5.83	4	3	-9.793	41268
repentance	forgive	2.89	5.313	0.195	0	2.54	2.36	9	5	-9.841	52260
crunchy	chewy	3.761	2.639	0.107	0	4.66	0	6	3	-9.878	15476
gully	ditch	2.485	4.143	0.081	0.02	0	5.28	4	3	-9.883	28872
poise	posture	2.833	4.691	0.103	0	3.23	0	3	5	-9.899	47569
earnestness	honesty	3.091	5.011	0.178	0	2.63	2.69	8	6	-10.006	20342
dwarves	elves	2.398	3.332	0.128	0	0	0	6	4	-10.019	20237
dandruff	shampoo	2.079	4.007	0.098	0	5.42	0	7	5	-10.12	16239
disgrace	embarrass	3.871	3.871	0.117	0	1.92	0	7	7	-10.212	18596
scarf	handkerchief	4.304	2.485	0.091	0	4.07	0	5	8	-10.217	54972
comet	cupid	3.526	2.833	0.082	0	0	0	5	6	-10.243	12434
wiggle	squirm	3.761	2.996	0.102	0	3.83	0	5	5	-10.257	70879
blackmail	bribe	3.784	3.97	0.116	0.055	3.16	3.58	7	4	-10.265	5855
musk	scent	2.565	4.585	0.101	0	4.11	4.58	4	4	-10.321	41266
coyote	howl	3.332	3.178	0.072	0	0	0	5	3	-10.34	14600
stench	stink	3.332	4.277	0.104	0.011	3.68	3.9	5	5	-10.441	61004
chalkboard	eraser	2.565	2.303	0.153	0	0	0	0	5	-10.446	10108
frustrate	irritate	3.045	3.367	0.074	0	0	0	8	6	-10.457	26200
slime	ooze	3.611	2.708	0.068	0	5.32	0	4	2	-10.459	58040
conceited	snob	1.609	3.664	0.177	0.042	0	3.75	8	4	-10.474	13054
musty	damp	2.996	4.382	0.101	0.038	3.76	4	5	4	-10.495	41325
libel	slander	4.094	3.829	0.122	0.061	2.56	3.35	5	6	-10.519	36178
thaw	defrost	3.761	2.639	0.115	0.149	3.4	4.08	2	7	-10.628	64604
tricycle	three	2.079	4.078	0.085	0	0	0	8	3	-10.641	66705
fingernail	toenail	2.485	2.398	0.121	0.08	0	0	8	5	-10.645	24116
blender	daiquiri	4.094	2.079	0.072	0	0	0	6	0	-10.655	5985
ten	eleven	3.091	1.099	0.18	0	4.92	0	3	6	-10.682	64257
flake	dandruff	3.951	2.079	0.072	0	0	5.42	4	7	-10.689	24359
pushy	shove	3.045	3.932	0.092	0	0	3.62	4	3	-10.742	50228
cricket	chirp	3.97	2.197	0.068	0	0	0	6	3	-10.786	15042
meteorite	comet	2.773	3.526	0.068	0	0	0	8	5	-10.798	39411
sincerity	kindness	3.784	4.234	0.102	0	0	1.63	9	7	-10.859	57425
lint	fuzz	2.398	2.565	0.082	0.147	5.25	0	4	3	-10.919	36555
veer	swerve	2.89	2.079	0.127	0	0	0	3	4	-10.943	68762
mirage	illusion	3.555	4.963	0.111	0.047	3.14	2.03	4	6	-10.95	39968
squeak	squeal	2.833	2.996	0.096	0.026	4.51	0	5	5	-10.958	60213
vaseline	greasy	2.079	4.094	0.072	0	0	0	7	5	-10.958	68698
walkway	breezeway	3.871	1.609	0.06	0.118	0	0	5	6	-10.963	69762
defrost	melt	2.639	4.644	0.088	0	4.08	4.04	7	4	-10.997	16903
coyote	roadrunner	3.332	1.609	0.122	0	0	0	5	7	-11.043	14598
five	ten	3.497	3.091	0.092	0.021	3.53	4.92	3	3	-11.151	24323
slurp	gulp	1.946	3.466	0.086	0.046	0	0	4	4	-11.228	58243
bandanna	scarf	2.079	4.304	0.092	0	0	4.07	0	5	-11.234	4246
handkerchief	kleenex	2.485	3.555	0.065	0	0	0	8	7	-11.25	29345
handkerchief	snot	2.485	3.045	0.079	0	0	0	8	4	-11.538	29344
twinkle	sparkle	2.944	2.89	0.061	0	0	0	7	7	-11.548	67350
gully	fern	2.485	3.401	0.061	0	0	0	4	3	-11.551	28873
toasty	burnt	2.485	4.248	0.074	0	3.39	0	0	4	-11.582	65442
dwarves	seven	2.398	2.833	0.081	0.034	0	0	6	5	-11.615	20239
watt	volt	3.219	2.708	0.059	0.028	0	4.71	3	4	-11.701	70197
gymnast	acrobats	2.944	2.079	0.092	0	0	0	7	8	-11.777	28979
meek	humble	2.944	4.86	0.103	0.041	3.37	2.27	3	6	-11.795	39072
erode	corrode	3.784	1.386	0.079	0	0	0	4	4	-11.802	21629
doze	snooze	2.197	2.996	0.081	0.02	0	0	3	4	-11.803	19571
loosen	untie	3.584	1.792	0.067	0	0	0	5	4	-11.883	37102
suffocate	choke	1.946	4.394	0.117	0	3.77	3.88	7	3	-11.961	62374
reprimand	scold	2.485	3.135	0.182	0.122	2.49	2.95	9	5	-12.09	52350
chalkboard	blackboard	2.565	3.135	0.093	0.041	0	3.45	0	8	-12.254	10110
beginner	learner	2.89	2.833	0.073	0.021	0	4.08	6	4	-12.276	5143
snuggle	softener	2.485	2.996	0.053	0	0	0	6	6	-12.278	58740
zit	acne	1.099	2.197	0.158	0	0	0	0	4	-12.545	72123
bologna	salami	3.219	1.792	0.052	0	0	0	6	6	-12.794	6503
nosy	busybody	2.833	2.079	0.059	0	0	0	4	0	-12.795	42411
snot	booger	3.045	0.693	0.115	0	0	0	4	0	-12.807	58693
haughty	snob	2.773	3.664	0.13	0	2.18	3.75	4	4	-12.845	29675
briefcase	attache	3.332	1.792	0.042	0	0	0	7	5	-12.893	7473
cocky	conceited	3.367	1.609	0.04	0.027	0	0	4	8	-12.916	12104
quiver	shiver	2.773	3.332	0.068	0.016	3.77	4.24	5	4	-12.959	50482
termite	pest	1.792	4.043	0.065	0.014	0	3.62	5	4	-12.983	64435
pendulum	hypnotize	3.555	1.386	0.046	0	0	0	8	8	-12.988	45653
horoscope	aquarius	2.565	3.045	0.056	0	3.79	0	8	8	-13.135	31250
trance	daze	3.807	1.609	0.056	0	3.6	0	5	3	-13.357	66315
squeal	tattle	2.996	1.386	0.058	0	0	0	5	5	-13.475	60228
ointment	salve	2.197	2.485	0.045	0	0	0	7	3	-13.55	43213
valor	bravery	2.398	3.497	0.158	0.014	3.08	1.93	4	6	-13.655	68501
radiator	coolant	3.555	1.099	0.033	0	0	0	7	6	-13.694	50639
vaseline	lubricant	2.079	1.946	0.072	0	0	0	7	9	-13.704	68700
gymnast	limber	2.944	1.609	0.039	0	0	0	7	5	-13.758	28984
kindness	friendliness	4.234	3.091	0.095	0.028	1.63	2.5	7	10	-13.791	34655
earnestness	truthfulness	3.091	2.303	0.071	0	2.63	0	8	10	-13.926	20345
blinds	verticals	3.135	0.693	0.066	0	0	0	6	0	-13.953	6060
horoscope	astrology	2.565	3.178	0.063	0.048	3.79	3.48	8	9	-14.01	31249
gauze	bandaid	2.773	1.099	0.061	0	0	0	3	6	-14.083	26853
squeak	creak	2.833	1.792	0.041	0	4.51	0	5	4	-14.132	60217
apathetic	uncaring	2.773	1.609	0.033	0	0	0	8	7	-14.159	2384
amaze	astound	2.485	1.099	0.072	0	0	0	4	6	-14.208	1750
scribble	doodle	1.609	1.792	0.086	0	0	0	7	5	-14.208	55348
copier	cheater	2.485	1.609	0.041	0	0	0	5	4	-14.362	14041
shears	clippers	1.099	3.219	0.027	0.02	0	0	4	6	-14.493	56508
headband	bandanna	1.792	2.079	0.027	0.079	0	0	7	0	-14.498	29899
sinker	floater	1.946	1.792	0.053	0	0	0	5	5	-14.587	57507
twelve	eleven	1.099	1.099	0.122	0	0	0	5	6	-14.886	67268
bandaid	booboo	1.099	2.079	0.071	0	0	0	6	0	-14.961	4233
caress	fondle	2.303	1.609	0.026	0	0	0	4	6	-15.013	9354
amaze	astonish	2.485	0.693	0.059	0	0	0	4	7	-15.065	1752
slurp	slushy	1.946	1.609	0.04	0	0	0	4	0	-15.158	58245
ointment	neosporin	2.197	1.609	0.026	0	0	0	7	0	-15.164	43218
lubricate	vaseline	1.386	2.079	0.046	0	0	0	8	7	-15.201	37382
vaseline	chapped	2.079	1.792	0.02	0	0	0	7	0	-15.255	68708
menthol	eucalyptus	0.693	3.091	0.02	0	0	0	6	10	-15.575	39275
periscope	kaleidoscope	1.386	2.079	0.026	0	0	0	8	10	-15.721	45888
lubricate	moisten	1.386	1.386	0.06	0	0	0	8	5	-15.722	37379
handkerchief	booger	2.485	0.693	0.022	0	0	0	8	0	-16.028	29353
disown	unloved	1.099	2.197	0.02	0	0	0	5	6	-16.138	18824
wart	blemish	1.099	1.946	0.03	0	0	0	4	6	-16.199	70034
stingy	miser	2.833	1.386	0.033	0	2.91	0	6	4	-16.218	61244
slither	slink	1.946	2.079	0.028	0	3.38	0	5	0	-16.33	58108
frill	ruffle	1.099	2.485	0.042	0	3.7	0	4	5	-16.386	26058
zit	blemish	1.099	1.946	0.02	0	0	0	0	6	-16.459	72128
canvass	tarp	0.693	2.079	0.034	0	0	0	6	4	-16.503	8998
headband	wristband	1.792	0.693	0.041	0	0	0	7	0	-16.523	29898
hypnotize	mesmerize	1.386	0.693	0.06	0	0	0	8	7	-16.608	31875
haughty	conceited	2.773	1.609	0.034	0	2.18	0	4	8	-16.613	29680
bandanna	kerchief	2.079	0.693	0.02	0	0	0	0	5	-16.659	4256
holiness	godliness	2.944	1.099	0.035	0	2.33	0	7	0	-16.867	30900
ghoul	goblin	0.693	2.197	0.053	0.048	0	3.69	0	6	-16.894	27177
wart	zit	1.099	1.099	0.038	0	0	0	4	0	-17.074	70033
tact	couth	2.708	0.693	0.028	0	3.1	0	4	0	-17.251	63489
paperclip	fasten	0.693	2.079	0.02	0	0	3.44	0	5	-18.508	44700
